Epoch	AverageEpRet	StdEpRet	MaxEpRet	MinEpRet	AverageTestEpRet	StdTestEpRet	MaxTestEpRet	MinTestEpRet	EpLen	TestEpLen	EpGoals	TestEpGoals	TotalEnvInteracts	AverageQR1Vals	StdQR1Vals	MaxQR1Vals	MinQR1Vals	AverageQR2Vals	StdQR2Vals	MaxQR2Vals	MinQR2Vals	AverageLogPi	StdLogPi	MaxLogPi	MinLogPi	LossPi	LossQR1	LossQR2	LossAlpha	LogAlpha	Alpha	PiEntropy	TestTime	EpochTime	TotalTime
1	-40.21916	7.340865	-17.715364	-52.115463	0.34753948	1.0017169	3.4728518	-1.8987728	201.15541	190.875	0.006756757	0.05	30004.0	1.4660416	1.2582527	3.4530833	-2.2639663	1.5152849	1.2199061	3.3868911	-2.1197228	-1.2705307	0.6205695	16.273693	-8.563547	-1.6414547	0.07253607	0.1008613	0.55357903	-2.316456	0.18124723	1.2705307	4.592959	99.85993	100.75605320930481
2	-37.631462	8.980483	-6.1470013	-52.842136	1.4006004	0.95832276	3.573506	-2.2450624	192.46153	184.725	0.102564104	0.15	60004.0	-3.8746905	1.7428287	0.9692988	-7.5787544	-3.8746793	1.74301	1.0322093	-7.561589	-0.55947787	1.5272182	26.1175	-14.0421295	3.8811784	0.005613317	0.0054083588	0.01518796	-5.5923166	0.005116112	0.55947787	4.2953763	105.76321	206.59130859375
3	-26.264109	9.895028	-11.318778	-51.32259	2.5565698	0.76184136	3.7563846	1.0927584	143.42513	135.325	0.65700483	0.75	90004.0	-7.7491	2.3453867	3.3828957	-11.924322	-7.749109	2.3452	3.6490343	-11.800888	2.015247	2.8026347	35.59173	-11.464891	7.753178	0.023685347	0.023516491	-4.1167867e-05	-6.5337176	0.0015398244	-2.015247	4.8588543	116.53589	323.1498053073883
4	-21.217571	8.268741	-6.414509	-49.893612	2.5152035	0.7489439	3.5675867	0.85084295	119.555115	110.15	0.8897638	0.85	120004.0	-9.343771	3.5434835	3.1895463	-14.875196	-9.343773	3.5435119	3.254739	-14.833529	2.0162277	2.5959156	26.081009	-11.684061	9.350374	0.020749148	0.020544702	-4.4157656e-05	-5.8946123	0.002821904	-2.0162277	4.792436	122.71884	445.9328718185425
5	-19.980015	6.9026694	-5.7205677	-50.07114	2.8635888	0.49774918	3.7236729	1.4196422	114.03435	110.575	0.9160305	1.0	150004.0	-9.496367	4.2687664	7.1877565	-16.7614	-9.496375	4.2686925	7.162964	-16.669193	2.0063481	2.341875	27.376286	-11.848559	9.500997	0.019076068	0.019290948	-2.51688e-05	-5.4754205	0.004215775	-2.0063481	5.065283	124.24393	570.0687236785889
6	-18.30597	4.2758403	-6.0788465	-34.0888	2.7867174	0.57178193	3.7607257	1.115353	106.13732	108.075	0.9859155	0.925	180004.0	-9.036586	4.3036737	8.33922	-17.162086	-9.036608	4.303688	8.123086	-17.251148	1.9976988	2.214953	26.516924	-13.532619	9.041957	0.018529277	0.01828868	1.2314584e-05	-5.319357	0.004901828	-1.9976987	4.930608	123.18056	693.3246054649353
7	-17.64175	4.3581414	-5.934275	-40.26372	2.8050232	0.43440345	3.4636657	1.4573269	102.821915	94.075	0.9828767	1.0	210004.0	-8.62004	4.222353	3.537131	-17.145693	-8.620046	4.2223988	3.470924	-17.140305	2.003159	2.145639	18.869886	-12.359741	8.628037	0.014481713	0.014341118	-1.2921747e-05	-5.3986297	0.0045273453	-2.003159	4.908412	126.56674	819.756377696991
8	-16.692318	3.8219843	-5.171079	-24.508831	2.9674897	0.44960102	3.7259903	2.234305	98.05574	99.05	1.0	1.0	240004.0	-8.20539	4.1842895	5.2406173	-17.390387	-8.205388	4.1843576	4.521547	-17.337992	1.9979151	2.057033	19.79096	-12.271603	8.209128	0.01244371	0.0123977	1.1216061e-05	-5.3486295	0.004759675	-1.997915	4.936701	126.528984	946.2817885875702
9	-16.807007	4.0061274	-4.992529	-25.130737	2.934565	0.44934967	3.6328833	2.1618154	98.60656	96.125	1.0	1.0	270004.0	-7.8592615	4.0664444	3.5287392	-17.304644	-7.859272	4.0664268	2.983624	-17.316963	2.000936	2.0242717	20.666231	-11.794336	7.8648214	0.011064343	0.0112509355	-2.6877165e-06	-5.4314523	0.0043796212	-2.000936	4.9641094	126.68461	1072.9874804019928
10	-16.575397	3.4505262	-6.069763	-28.307238	2.9263701	0.46136284	3.6911619	2.1442626	97.4513	97.4	1.0	1.0	300004.0	-7.654152	3.993872	5.302696	-17.042583	-7.654159	3.9938464	5.235456	-17.178305	2.0001671	2.0133946	27.646172	-12.694084	7.6612835	0.0095132105	0.009573324	6.6848395e-07	-5.389689	0.004564654	-2.0001671	4.897625	127.422424	1200.557917356491
11	-16.258818	3.6561015	-5.5307393	-31.020145	2.9317412	0.42325267	3.7094228	2.137531	95.83654	94.075	1.0	1.0	330004.0	-7.523631	3.950076	4.8000894	-17.023098	-7.5236373	3.9500546	4.731627	-17.14612	2.0005615	2.0130422	24.593262	-11.363025	7.5336866	0.009619421	0.009600078	-1.0400414e-06	-5.433782	0.004368263	-2.0005617	4.9156756	126.83185	1327.1762268543243
12	-16.064499	3.1989236	-5.174975	-23.438734	2.8807747	0.3949738	3.6692343	2.1223476	94.949524	92.375	1.0	1.0	360004.0	-7.438542	3.9748762	3.2125895	-17.05785	-7.4385505	3.974861	3.164002	-17.093433	1.9970149	2.03737	26.591234	-12.407735	7.448837	0.008357447	0.008328247	1.4161391e-05	-5.508977	0.004053149	-1.9970151	4.87117	128.68161	1455.9628508090973
13	-16.134174	3.3537624	-5.37331	-24.056458	2.9859765	0.5272995	3.6321244	1.5880666	95.38535	95.075	1.0	1.0	390004.0	-7.3316917	3.9755392	5.0452366	-16.984251	-7.3317	3.9754968	2.4358494	-17.107574	2.0005078	1.9938029	29.909008	-13.019159	7.3414574	0.0074828495	0.0074329297	-9.436498e-07	-5.4912515	0.0041251597	-2.000508	4.9939995	129.81302	1585.811442375183
14	-16.106615	3.076786	-5.1771545	-23.267654	2.7578418	0.58223313	3.6413705	1.4986581	95.20318	87.975	1.0	1.0	420004.0	-7.170279	3.9203682	5.4832377	-16.890469	-7.170278	3.9203644	2.9238958	-16.990843	1.9998697	1.9687214	26.131756	-15.085768	7.178637	0.006631025	0.0065634716	1.6975463e-06	-5.5579033	0.0038596557	-1.9998698	4.8759403	129.36191	1715.082492351532
15	-16.168146	3.214356	-5.7071705	-23.711786	2.8262355	0.37759817	3.6108596	2.0908413	95.60191	90.4	1.0	1.0	450004.0	-7.056819	3.884454	5.142408	-16.376997	-7.0568223	3.8844087	2.0929976	-16.332548	1.9976294	1.9496893	29.333187	-12.112946	7.065422	0.0060193664	0.0059938794	9.7735065e-06	-5.5731416	0.0038017463	-1.9976294	4.9624357	127.144844	1842.191086769104
16	-16.090752	3.4714782	-5.181682	-23.384417	3.0222914	0.4831237	3.7159777	1.4833336	95.17405	96.375	1.0	1.0	480004.0	-6.971049	3.8577883	4.1510363	-16.241827	-6.9710536	3.8578193	3.4408689	-16.41551	2.00081	1.958432	30.971897	-12.70867	6.9799156	0.0055493275	0.0053688153	-1.8697003e-06	-5.6588335	0.0034889872	-2.00081	4.907359	131.16153	1973.433564901352
17	-16.022118	2.9463236	-5.7073236	-23.013922	2.8726268	0.53637457	3.6722062	1.4247504	94.82539	90.875	1.0	1.0	510004.0	-6.9191866	3.8376148	3.9583402	-16.347862	-6.9191947	3.8376236	3.7862365	-16.385992	1.9994209	1.9764863	31.439175	-12.171709	6.928124	0.00513277	0.005023057	3.333632e-06	-5.680824	0.003412822	-1.9994209	4.907758	128.31	2101.6828830242157
18	-15.6477995	3.1194553	-5.907551	-23.688042	2.8432164	0.4135256	3.6482246	1.6518104	92.64706	91.175	1.0	1.0	540004.0	-6.8612323	3.8090756	2.7734144	-16.258158	-6.8612356	3.809057	3.4951098	-16.30859	2.000597	1.9629337	25.554659	-14.160087	6.870992	0.004757667	0.0048248027	-7.171333e-07	-5.699299	0.003350325	-2.0005972	4.878705	129.39345	2231.071270942688
19	-15.880221	3.437671	-5.38276	-24.642548	2.9379382	0.4844677	3.6993327	1.4714545	94.04375	93.35	1.0	1.0	570004.0	-6.8179	3.7907336	2.702486	-16.066683	-6.81791	3.7907481	2.1782172	-16.029537	1.9978569	1.9223413	24.246178	-15.639335	6.8275685	0.0046849833	0.004610441	8.028435e-06	-5.6813574	0.0034113796	-1.997857	4.9149857	128.04858	2359.200514793396
20	-15.753682	3.078139	-5.5554132	-23.065	2.9612517	0.45547333	3.6697018	1.4679142	93.28261	95.075	1.0	1.0	600004.0	-6.7901254	3.7830918	4.693121	-15.955253	-6.790122	3.7831194	1.9914513	-15.935206	1.998988	1.9390817	29.176952	-12.139608	6.8002386	0.004943123	0.004906135	4.2129586e-06	-5.7329373	0.0032393818	-1.9989879	4.9291964	130.08148	2489.263286113739
21	-15.82884	3.1315405	-5.889082	-23.141754	2.9324985	0.38099664	3.7608886	2.1758795	93.6875	93.2	1.0	1.0	630004.0	-6.74219	3.7815578	2.5369682	-16.065943	-6.742199	3.781548	2.5984144	-16.074503	2.0004773	1.918973	33.8061	-16.12727	6.7511606	0.0044284547	0.0043476513	-3.5498738e-07	-5.7820673	0.0030858216	-2.000477	4.905489	128.22388	2617.566380739212
22	-15.756523	3.0256262	-5.5588675	-23.622711	3.002852	0.3827805	3.7909198	2.3004904	93.3354	95.825	1.0	1.0	660004.0	-6.685474	3.770474	4.061048	-16.24758	-6.685475	3.7704706	2.682692	-16.142664	1.998835	1.9124588	36.903484	-13.182997	6.694557	0.0040154117	0.0039790343	4.3799055e-06	-5.8454323	0.002894801	-1.9988352	5.06035	131.14948	2748.6149067878723
23	-16.150232	2.9142883	-5.5615387	-22.312529	2.8723931	0.4200668	3.7769222	1.6286756	95.63259	90.975	1.0	1.0	690004.0	-6.649198	3.7528946	2.249524	-16.19037	-6.6492043	3.7528622	1.9295208	-16.312803	1.9997194	1.938354	35.83543	-13.692772	6.658332	0.0036806846	0.0037389537	1.6590952e-06	-5.915031	0.0027024886	-1.9997193	4.936984	129.80264	2878.44544672966
24	-15.946306	2.9477253	-5.531143	-22.439335	3.006516	0.4769501	3.7043047	2.0135863	94.50314	96.6	1.0	1.0	720004.0	-6.6218853	3.736884	3.4035442	-16.062147	-6.6218915	3.7368653	4.0657225	-16.020102	1.9980806	1.9394999	31.001684	-11.732166	6.6305647	0.0037214216	0.0036977488	5.823068e-06	-5.9390793	0.0026380238	-1.9980805	4.950806	129.39781	3007.9264409542084
25	-15.896817	2.9086542	-6.143209	-22.534098	2.9052405	0.59876823	3.798354	1.4684017	94.22642	91.85	1.0	1.0	750004.0	-6.5652018	3.7234197	2.4373477	-15.74555	-6.5652046	3.7234433	2.9198263	-15.798596	1.9989382	1.9568567	32.109863	-12.4598055	6.573435	0.0034356879	0.003328951	3.28074e-06	-6.01895	0.0024336674	-1.998938	4.9392595	127.72916	3135.5427129268646
26	-15.939191	2.7514057	-5.35656	-21.635004	2.865779	0.41163963	3.6870556	2.1665616	94.45912	90.225	1.0	1.0	780004.0	-6.5425186	3.708757	2.3299172	-15.834846	-6.5425243	3.7087512	2.2816687	-15.893683	1.9974751	1.976688	33.091778	-13.224973	6.550757	0.0034353465	0.0034444425	6.1573305e-06	-6.1231365	0.002194198	-1.9974751	4.9153748	127.89391	3263.4099383354187
27	-15.770984	3.23043	-5.1849732	-23.609304	2.9265869	0.39834955	3.7217298	2.1617837	93.52812	92.425	1.0	1.0	810004.0	-6.512485	3.7062194	2.6507769	-15.75831	-6.51249	3.7062144	2.245281	-15.838294	2.0009663	1.9689509	29.25579	-11.025463	6.5202312	0.0034842386	0.0034522207	-1.0974268e-06	-6.18393	0.0020650753	-2.0009663	4.9665117	130.10378	3393.53768825531
28	-15.768859	3.036469	-5.3729863	-23.637169	3.1145673	0.41123468	3.691241	2.0687952	93.563866	98.425	1.0	1.0	840004.0	-6.4905353	3.7065504	4.173265	-15.767549	-6.490541	3.7065527	2.3474717	-15.875281	1.9984303	1.9868516	26.281672	-12.472921	6.4980993	0.003228794	0.0032546099	3.7969032e-06	-6.2029657	0.0020247851	-1.9984303	4.9353943	128.97173	3522.623879671097
29	-15.8060055	2.9444242	-5.527024	-22.42379	2.9641337	0.44700307	3.7097824	2.0401196	93.74062	94.475	1.0	1.0	870004.0	-6.4430947	3.699973	2.21038	-15.546813	-6.443094	3.6999624	2.7845464	-15.652228	1.999627	1.9848982	33.15357	-12.6111765	6.4498625	0.0029897052	0.0029867347	1.5709976e-06	-6.257394	0.0019202251	-1.999627	4.9682555	128.84543	3651.37526512146
30	-15.738929	3.1279926	-4.991967	-23.044064	2.7768683	0.36879754	3.521995	1.5156044	93.3271	86.35	1.0	1.0	900004.0	-6.4161882	3.690949	2.8004966	-15.462621	-6.4161844	3.690956	2.7286723	-15.594209	2.0011432	1.9937143	33.330715	-12.507171	6.4234385	0.0027432053	0.00272093	-1.5103668e-06	-6.2639046	0.0019066453	-2.0011432	4.908984	129.53152	3780.9460713863373
31	-15.813734	2.957349	-5.3481827	-23.268896	2.8878188	0.4559813	3.701077	1.6007445	93.75	92.575	1.0	1.0	930004.0	-6.3998394	3.681382	3.94611	-15.49981	-6.3998437	3.6813517	2.8185053	-15.485454	1.9982023	1.9592787	26.689579	-15.915748	6.407243	0.002706623	0.0027863965	3.9544284e-06	-6.3452888	0.0017562015	-1.9982024	4.891161	130.68446	3911.56991648674
32	-15.630067	2.9105606	-5.357715	-22.33145	3.1153939	0.41151133	3.7695043	2.2185812	92.73148	99.95	1.0	1.0	960004.0	-6.3704834	3.678548	3.97961	-15.425203	-6.370488	3.6785488	4.292553	-15.592054	2.000508	1.9731618	28.401598	-12.621101	6.37726	0.0027295079	0.0027299882	-3.8130085e-07	-6.3209395	0.0017994593	-2.000508	4.9941473	129.14774	4040.7901799678802
33	-15.668984	3.1191118	-5.175846	-23.264835	2.837813	0.5176926	3.7045865	1.4509579	92.94118	90.75	1.0	1.0	990004.0	-6.3471236	3.6772685	2.677374	-15.376675	-6.3471203	3.6772356	2.0648675	-15.536595	1.9986926	1.9979907	32.909042	-12.6247635	6.3546824	0.00256404	0.002678032	2.9045204e-06	-6.371309	0.001712277	-1.9986926	4.933318	131.35721	4172.090434074402
34	-15.623127	2.6683974	-5.7219324	-22.629744	3.0569384	0.4384663	3.7010324	2.1589074	92.73065	98.3	1.0	1.0	1020004.0	-6.327048	3.6662362	3.7174265	-15.442503	-6.3270464	3.6662111	3.2817981	-15.471748	1.9992565	1.9966424	37.43579	-14.709879	6.333878	0.002478345	0.002574501	1.7404536e-06	-6.3821855	0.0016936169	-1.9992563	4.9663677	129.95413	4302.004429340363
35	-15.640157	2.917321	-5.348923	-22.260359	2.8701484	0.44762775	3.7804136	1.4699078	92.89164	90.925	1.0	1.0	1050004.0	-6.3039865	3.663972	2.5510774	-15.564791	-6.3039885	3.6639612	2.0825872	-15.470559	2.0000055	2.0019026	30.898964	-14.997921	6.31105	0.0024358323	0.0024691697	4.9095996e-07	-6.384337	0.0016888353	-2.0000057	4.872287	130.1677	4432.2286512851715
36	-15.949328	3.003567	-5.349006	-23.80034	2.9526362	0.43562943	3.8282354	2.0108342	94.577286	95.1	1.0	1.0	1080004.0	-6.2950745	3.6596177	3.6023881	-15.543106	-6.295076	3.6596057	3.180841	-15.473074	2.0009482	1.9980797	34.905025	-12.9815645	6.301826	0.0023666392	0.0023729878	-8.5283267e-07	-6.4359326	0.0016073637	-2.0009482	4.9594936	130.03522	4562.207397222519
37	-15.8491535	2.9083216	-5.1708336	-22.540968	2.852598	0.525948	3.6915834	1.4371603	93.98119	90.825	1.0	1.0	1110004.0	-6.276717	3.6558878	2.8293998	-15.6038685	-6.276722	3.6558762	1.9028971	-15.632603	1.99805	2.0083597	34.878902	-13.575576	6.2831645	0.0022130613	0.002192351	3.6018225e-06	-6.4359365	0.0016043129	-1.99805	4.9058743	130.30048	4692.510458946228
38	-15.453622	2.8592415	-5.8873954	-22.007864	2.9690773	0.48090506	3.7366276	1.6413248	91.76219	94.35	1.0	1.0	1140004.0	-6.2556844	3.6464956	3.3411303	-15.4866085	-6.2556853	3.64649	1.5970109	-15.586168	1.9999659	2.0181875	36.712303	-10.99991	6.2621593	0.002254148	0.0022337348	5.565842e-07	-6.457675	0.0015696904	-1.9999659	4.955288	131.34285	4823.8762855529785
39	-15.761859	2.6885045	-5.954554	-22.06377	3.0288353	0.43358126	3.7002864	2.3173063	93.5125	96.5	1.0	1.0	1170004.0	-6.2452245	3.6462271	2.3656163	-15.528926	-6.2452307	3.6462355	3.0712461	-15.646772	2.0011396	2.0270314	44.111904	-12.3756485	6.2516136	0.0023692215	0.0023216908	-1.2927806e-06	-6.463635	0.001560361	-2.0011396	4.9734764	130.03073	4953.9091029167175
40	-15.700159	2.71935	-6.323137	-22.498987	2.9490705	0.47295094	3.6849055	1.4651263	93.17081	93.675	1.0	1.0	1200004.0	-6.2313843	3.6443818	2.065915	-15.637066	-6.2313843	3.6443691	1.7083149	-15.66202	1.9978112	2.018703	32.29022	-12.370117	6.2379575	0.0021835356	0.0022248751	3.8067926e-06	-6.446375	0.0015877984	-1.9978112	4.948206	129.67685	5083.697108745575
41	-15.632634	2.728106	-5.706318	-22.05881	2.8309999	0.3645902	3.6857836	2.2589169	92.7709	89.125	1.0	1.0	1230004.0	-6.2221656	3.6389668	2.4405065	-15.572174	-6.2221656	3.6389565	2.6240485	-15.548719	2.001666	2.0323708	43.85267	-11.932926	6.228779	0.0020336437	0.0020528915	-2.023608e-06	-6.4884048	0.0015230906	-2.001666	4.8804965	130.7138	5214.266828775406
42	-15.493069	3.1703308	-5.561267	-21.822887	2.9363818	0.4429616	3.6704001	1.509206	91.91158	92.85	1.0	1.0	1260004.0	-6.206454	3.635647	3.4432228	-15.558738	-6.206456	3.635632	2.4519858	-15.568145	2.00065	2.0377684	64.16622	-13.462523	6.212945	0.0020544245	0.002065592	-5.515476e-07	-6.5124664	0.0014862022	-2.00065	4.9554863	130.55685	5344.799139022827
43	-15.759512	2.8596613	-5.893402	-22.355965	2.9318597	0.38971016	3.5954726	2.2702324	93.55799	94.25	1.0	1.0	1290004.0	-6.196085	3.6313632	2.962705	-15.5566635	-6.1960883	3.6313498	2.4279227	-15.605254	1.998518	2.0377495	38.13657	-12.297347	6.2026834	0.0018168077	0.0018322938	2.6978184e-06	-6.544649	0.0014387779	-1.998518	4.9614115	130.19037	5475.064316987991
44	-15.841519	2.6229274	-5.972803	-22.18858	2.9296184	0.4789771	3.7048864	1.6345263	93.91875	92.675	1.0	1.0	1320004.0	-6.1986427	3.6325195	4.8478847	-15.650203	-6.198647	3.632527	3.3644137	-15.683853	1.9994578	2.0713055	39.195724	-12.729784	6.205587	0.002218752	0.0021857924	1.2715975e-06	-6.5906606	0.0013744147	-1.9994578	4.9274893	128.10904	5603.125821113586
45	-15.755986	2.8830972	-6.0883374	-22.531162	2.9814868	0.52700794	3.7280588	1.5632843	93.46562	94.95	1.0	1.0	1350004.0	-6.186655	3.6376054	2.8441772	-15.756916	-6.1866546	3.6376023	2.520072	-15.790711	1.9980932	2.08192	43.33367	-15.191209	6.193907	0.0021159162	0.0021184867	3.0804188e-06	-6.5979633	0.0013650384	-1.9980932	4.9960403	129.44096	5732.560012102127
46	-15.927925	2.8350005	-5.377705	-22.325142	2.8066025	0.53359264	3.7551582	1.4472507	94.462265	88.075	1.0	1.0	1380004.0	-6.180285	3.6280346	1.9668512	-15.681357	-6.180288	3.628035	1.8315101	-15.704172	1.9992269	2.0823886	54.777443	-15.009599	6.1870885	0.0021900574	0.0021653986	1.5395175e-06	-6.6139116	0.0013436285	-1.9992268	4.903462	128.18304	5860.86429810524
47	-15.667799	2.7214131	-5.531279	-22.207785	2.966324	0.47741133	3.7704883	1.495457	92.94118	94.225	1.0	1.0	1410004.0	-6.175244	3.620296	2.4109058	-15.526059	-6.1752453	3.6203039	2.1226013	-15.560382	2.0000904	2.0770147	54.317055	-12.529329	6.1821356	0.0018997845	0.0018637255	3.695513e-07	-6.6636186	0.0012793855	-2.0000906	4.9206743	129.48293	5990.244020938873
48	-15.870665	2.9814682	-5.527957	-22.470377	2.9961226	0.5340924	3.7254746	1.429633	94.140625	95.375	1.0	1.0	1440004.0	-6.1675344	3.6146178	3.2182336	-15.607741	-6.1675377	3.6146388	3.270794	-15.67478	1.9997861	2.0807288	39.534245	-11.471251	6.1743836	0.0020921137	0.0020574017	8.2261164e-07	-6.6599574	0.0012823183	-1.999786	4.9682403	130.16339	6120.490116119385
49	-15.560908	2.9729362	-5.175804	-22.258636	2.9374242	0.4469642	3.727968	2.0807533	92.32198	93.375	1.0	1.0	1470004.0	-6.1590815	3.6190882	4.86399	-15.483712	-6.159077	3.6190863	2.9596655	-15.605142	2.0022864	2.099961	66.538704	-13.67283	6.166023	0.002022776	0.0020017838	-2.4930482e-06	-6.644116	0.0013028464	-2.0022862	4.9878373	129.6131	6250.032066822052
50	-15.426421	2.9504395	-5.754588	-21.875227	2.793712	0.53730536	3.7395725	1.4283687	91.59574	87.475	1.0	1.0	1500004.0	-6.1588674	3.617952	2.2388048	-15.671229	-6.15887	3.6179545	1.9526788	-15.64141	1.9973649	2.096745	46.455696	-13.309996	6.1660376	0.0018633059	0.0018539836	4.0003424e-06	-6.637538	0.0013121603	-1.9973649	4.9103394	129.86511	6380.083922147751
51	-15.434788	2.7914832	-5.52985	-22.467428	2.9426606	0.5548183	3.7400331	1.4367478	91.64939	94.125	1.0	1.0	1530004.0	-6.1504087	3.6151257	2.831308	-15.576935	-6.1504126	3.6151323	1.6542594	-15.6332855	2.000057	2.1035862	37.07109	-12.321159	6.156915	0.0018661463	0.0018478846	5.2556146e-07	-6.65901	0.0012839114	-2.000057	4.9979415	131.82744	6511.718405246735
52	-15.647949	2.7880723	-5.349997	-22.899359	2.9424284	0.4811132	3.7389324	1.507043	92.88509	93.0	1.0	1.0	1560004.0	-6.142377	3.6145902	4.2791147	-15.61658	-6.142376	3.614613	2.9965336	-15.693403	1.9998895	2.0899162	52.910873	-12.958761	6.1496615	0.0020448032	0.002026646	6.307703e-07	-6.707046	0.0012242256	-1.9998894	4.955145	128.86786	6640.560365438461
53	-15.672758	3.0855424	-5.7044487	-23.258549	2.8264742	0.60204554	3.7593496	1.4267921	92.98762	88.1	1.0	1.0	1590004.0	-6.1297054	3.611081	1.5882454	-15.701711	-6.1297116	3.6110678	1.5320942	-15.829629	2.000996	2.0635483	32.09916	-13.8294	6.1364965	0.0019623823	0.0019785808	-6.8695374e-07	-6.67505	0.0012639354	-2.000996	4.90031	130.90555	6771.514997720718
54	-15.861006	2.7821445	-5.9259768	-22.681879	3.0439742	0.4061406	3.7567365	2.0443196	94.050316	98.475	1.0	1.0	1620004.0	-6.1240416	3.611397	1.7247348	-15.770424	-6.1240416	3.6114078	1.7612214	-15.822742	1.998368	2.071162	48.076344	-11.456248	6.1304345	0.0020193888	0.0020107708	2.6083017e-06	-6.666661	0.0012738213	-1.998368	5.019225	129.84651	6901.320785284042
55	-15.532206	3.0434659	-5.563265	-22.329344	2.8458707	0.40202132	3.624809	2.1756437	92.206154	90.625	1.0	1.0	1650004.0	-6.1115503	3.602715	1.676614	-15.822742	-6.111552	3.6027281	1.828213	-15.906528	2.0009398	2.0733943	57.720215	-13.10105	6.1184063	0.0018779135	0.0018195529	-6.3587777e-07	-6.7148156	0.0012145502	-2.0009398	4.926203	130.94388	7032.2745497226715
56	-15.956437	3.0431042	-6.5220804	-23.269913	2.8934875	0.49409908	3.7582917	1.5438076	94.616356	91.625	1.0	1.0	1680004.0	-6.112348	3.5967338	3.1729598	-15.758025	-6.112352	3.596751	1.8551792	-15.8933525	2.0002909	2.04941	51.12953	-13.404163	6.119495	0.0018117044	0.0017517775	1.3292755e-07	-6.7167196	0.001212864	-2.0002909	4.9239635	129.5715	7161.977207660675
57	-15.947791	2.9909961	-5.541759	-21.986507	2.9012556	0.34595683	3.5269418	2.3051312	94.581764	91.55	1.0	1.0	1710004.0	-6.121998	3.6007588	2.3994374	-15.901577	-6.121999	3.6007814	2.1898692	-15.825575	2.000764	2.0406196	55.05474	-12.323526	6.1292863	0.0018128296	0.0017613955	-3.9273363e-07	-6.7219067	0.0012060897	-2.0007637	4.9627814	130.66963	7292.529460906982
58	-15.732244	2.9834473	-5.5508013	-22.484324	2.9108574	0.4801998	3.7117548	1.5001386	93.30841	91.925	1.0	1.0	1740004.0	-6.1211114	3.5963483	1.772764	-15.841984	-6.1211095	3.5963614	1.7662754	-15.8427	1.9963505	2.0509937	36.65042	-13.117934	6.1279416	0.0018284051	0.001809494	4.9929995e-06	-6.722885	0.0012058603	-1.9963505	4.915763	129.93997	7422.562214851379
59	-15.929545	2.9113083	-5.1738644	-22.437317	2.9701142	0.41883877	3.7659235	2.1247032	94.47318	94.975	1.0	1.0	1770004.0	-6.108981	3.6049247	2.2470744	-15.84445	-6.108978	3.604939	1.9610255	-15.850547	2.0021708	2.0567508	48.41182	-12.228504	6.116046	0.001851136	0.001869752	-2.0764467e-06	-6.684375	0.0012519155	-2.0021708	4.9215026	127.64282	7550.176050662994
60	-15.665016	3.2915812	-5.1698613	-22.142557	2.9644592	0.40581015	3.7509005	2.3651166	92.978325	93.975	1.0	1.0	1800004.0	-6.102296	3.601941	2.099023	-15.866289	-6.1022973	3.6019456	2.1533403	-15.910754	1.9989204	2.0600436	46.493843	-12.02782	6.1092873	0.0017332814	0.00176258	1.8780775e-06	-6.746879	0.0011764322	-1.9989203	4.973094	128.97028	7679.18073964119
61	-15.663389	2.9524586	-5.175973	-21.936602	2.811305	0.41889584	3.6520996	1.5418091	92.96273	88.85	1.0	1.0	1830004.0	-6.093277	3.593138	2.157159	-15.753214	-6.093275	3.5931227	2.0236385	-15.8198595	1.9979042	2.0565367	38.89458	-14.475637	6.100042	0.0017193757	0.0017604528	2.7841102e-06	-6.7760386	0.0011421443	-1.9979041	4.923197	130.12952	7809.221207380295
62	-15.706064	2.9501498	-4.9927564	-21.532375	2.9872093	0.4404968	3.7737586	2.2336705	93.226006	95.275	1.0	1.0	1860004.0	-6.0900073	3.59406	2.6563325	-15.743168	-6.0900083	3.5940652	2.7935839	-15.943686	2.00251	2.0876303	51.93262	-12.208416	6.0968585	0.0017585219	0.0017943103	-2.375752e-06	-6.7549324	0.0011666825	-2.00251	4.908767	130.67874	7939.908616781235
63	-15.430307	2.6929784	-5.5504794	-22.252562	2.888829	0.34366417	3.6937048	2.2274108	91.626915	91.875	1.0	1.0	1890004.0	-6.078344	3.595463	2.1335373	-15.740782	-6.0783434	3.5954654	2.2588043	-15.706686	1.99636	2.094033	47.234146	-13.266699	6.0850224	0.0016677931	0.0016819723	4.6360906e-06	-6.7564073	0.0011654889	-1.9963601	4.945423	132.54324	8072.505821943283
64	-15.646012	3.2288637	-5.169946	-22.649725	2.881681	0.54025126	3.726245	1.4199188	92.83901	90.675	1.0	1.0	1920004.0	-6.0714083	3.5882764	2.8403668	-15.778775	-6.071406	3.588274	2.9614322	-15.801394	2.0018823	2.0583522	51.274597	-13.264089	6.0783277	0.0016737722	0.0017060064	-1.3502868e-06	-6.794828	0.0011214132	-2.0018823	4.9244537	130.42163	8202.954307556152
65	-15.6210785	2.9563603	-5.705174	-22.42051	2.8875053	0.47455636	3.6424265	1.4348828	92.74923	90.8	1.0	1.0	1950004.0	-6.0624676	3.5904248	2.013963	-15.714856	-6.0624695	3.5904198	1.9803408	-15.687184	1.9991786	2.0681148	46.199444	-12.535334	6.0691347	0.0015565956	0.0015611037	1.421735e-06	-6.813348	0.0011008179	-1.9991789	4.923032	128.54324	8331.3909304142
66	-15.854245	2.862012	-5.3722405	-21.90434	2.8925226	0.5284097	3.6998277	1.479092	94.06563	91.55	1.0	1.0	1980004.0	-6.0566893	3.5853188	2.3975387	-15.676022	-6.0566854	3.5853217	1.745106	-15.738951	1.9984537	2.055825	39.956856	-12.783333	6.063052	0.0015401572	0.0015273786	2.1421488e-06	-6.8244042	0.0010889682	-1.9984535	4.905196	127.05246	8458.469578504562
67	-15.81085	2.9724941	-5.367328	-21.52233	2.9772646	0.434402	3.7527785	2.201758	93.833855	94.675	1.0	1.0	2010004.0	-6.0521655	3.5835888	2.3716235	-15.651215	-6.0521626	3.583593	2.084824	-15.643107	2.0008135	2.0968943	64.56986	-14.561652	6.0585747	0.001544131	0.0015457429	-3.749182e-07	-6.843051	0.0010691469	-2.0008135	4.8786983	128.8515	8587.38315653801
68	-15.462126	2.9326563	-6.113272	-21.493574	2.9262695	0.56424344	3.7213585	1.4429986	91.75535	92.425	1.0	1.0	2040004.0	-6.0441537	3.5822794	1.6285641	-15.586778	-6.0441523	3.582291	1.4796383	-15.653722	1.9993547	2.0935585	33.167015	-13.022782	6.0505195	0.0014689951	0.0014531903	1.212933e-06	-6.872276	0.0010376726	-1.9993547	4.850978	132.49852	8719.88548541069
69	-15.705864	2.8466692	-5.175027	-21.744713	2.9333942	0.40818238	3.635871	2.3183663	93.1677	93.55	1.0	1.0	2070004.0	-6.03876	3.582213	1.8560305	-15.583273	-6.0387535	3.5822182	1.6488736	-15.652868	2.0027568	2.070872	36.873913	-14.800092	6.0453324	0.0015744932	0.0015672641	-2.4728552e-06	-6.7906647	0.0011259265	-2.0027568	4.995867	130.26038	8850.126665592194
70	-15.487589	3.0917268	-5.1716757	-22.029507	2.9668338	0.49050102	3.756819	1.4718013	92.024536	94.15	1.0	1.0	2100004.0	-6.046066	3.5769079	2.6068861	-15.684573	-6.0460653	3.5769134	1.7861834	-15.67258	1.999096	2.0816512	50.748184	-13.828464	6.0529647	0.0015088691	0.0014746542	1.5975106e-06	-6.813337	0.001101016	-1.9990963	4.943899	130.952	8981.261393785477
71	-15.625111	2.85597	-5.365023	-21.888609	2.8710968	0.36263904	3.7026405	2.1470761	92.712074	90.375	1.0	1.0	2130004.0	-6.0435905	3.5749772	1.8661091	-15.761244	-6.0435886	3.5749912	1.7574859	-15.711322	1.996606	2.08133	64.26868	-11.366	6.0503016	0.0015307749	0.0014471204	4.0203504e-06	-6.876185	0.0010339911	-1.9966061	4.9958425	127.61052	9108.608642101288
72	-15.402652	2.9079516	-5.1738396	-21.117931	2.8832912	0.3629778	3.610812	2.1484516	91.460365	90.925	1.0	1.0	2160004.0	-6.04008	3.57613	1.6285946	-15.692168	-6.040084	3.576142	1.4415107	-15.84343	2.0029144	2.0927474	55.994896	-12.511132	6.0465417	0.0014205739	0.0013929369	-2.3581763e-06	-6.879764	0.0010317445	-2.0029144	4.948797	132.2673	9240.860273122787
73	-15.430771	2.9425542	-5.3598022	-21.998066	2.8358207	0.45982534	3.6125464	1.431953	91.60061	89.75	1.0	1.0	2190004.0	-6.0262856	3.5787692	1.4959221	-15.785495	-6.0262885	3.5787728	1.7425628	-15.742808	1.9980134	2.0452528	34.20975	-12.322601	6.0326324	0.0013147859	0.0012871246	2.6384064e-06	-6.865851	0.0010441458	-1.9980133	4.926811	130.96188	9371.873527050018
74	-15.625093	2.692726	-5.3484545	-21.596992	2.918438	0.49924368	3.706351	1.427996	92.7678	91.4	1.0	1.0	2220004.0	-6.0193443	3.5752213	1.6254022	-15.677559	-6.0193396	3.5752416	1.989515	-15.720137	2.000218	2.042323	61.575195	-11.904908	6.0256233	0.0013830521	0.0013634649	1.9203661e-07	-6.825376	0.0010870483	-2.0002177	4.934976	127.805954	9499.80376291275
75	-15.713356	2.8898952	-5.534204	-21.519379	2.9251485	0.470647	3.5543437	1.4278288	93.31152	92.15	1.0	1.0	2250004.0	-6.010548	3.5677612	1.8929176	-15.697306	-6.01055	3.5677722	2.0307202	-15.701243	2.0014696	2.047706	72.04431	-14.111225	6.016674	0.0013147006	0.0012696678	-9.61597e-07	-6.8017826	0.0011129577	-2.0014696	4.97991	129.16505	9628.861960411072
76	-15.739564	2.8549807	-5.35134	-22.494987	2.9215684	0.40363428	3.7264113	2.2321439	93.40062	91.775	1.0	1.0	2280004.0	-6.010838	3.5695772	2.0515847	-15.60282	-6.0108356	3.5695877	1.8568561	-15.630099	1.9999495	2.025617	93.619095	-13.873666	6.01704	0.0012996148	0.0012606285	5.002913e-07	-6.766422	0.0011537197	-1.9999497	4.9596953	128.99622	9757.843249797821
77	-15.820221	2.7681336	-5.3587193	-23.29365	3.038928	0.4931166	3.6565447	1.4194647	93.90909	96.875	1.0	1.0	2310004.0	-6.0032563	3.5656962	3.9304037	-15.655205	-6.0032597	3.5656962	1.6768603	-15.715589	2.0018494	2.0240498	51.354336	-12.058187	6.0094824	0.0013731614	0.0013458214	-1.4416153e-06	-6.735544	0.0011895836	-2.0018494	4.992362	130.07605	9887.930690050125
78	-15.547893	2.8855507	-5.751781	-22.29585	2.9001813	0.5188027	3.6680288	1.4292147	92.27385	92.95	1.0	1.0	2340004.0	-6.0050225	3.5632477	1.3810179	-15.663788	-6.005022	3.5632641	1.5465274	-15.636791	2.0002563	2.0107706	34.663887	-12.683739	6.0111437	0.0012948649	0.0012896042	1.2438844e-07	-6.7493052	0.0011730602	-2.0002563	4.999902	130.83992	10018.806986093521
79	-15.648409	2.8780916	-5.5336857	-22.08259	3.052059	0.43379843	3.750894	2.154495	92.888885	96.4	1.0	1.0	2370004.0	-5.9937677	3.5642202	1.4900452	-15.6884575	-5.993768	3.5642304	1.2834322	-15.6758175	2.0000544	2.0181146	55.31498	-11.688639	5.999746	0.0013567166	0.0013075261	4.5108672e-07	-6.747695	0.001175491	-2.0000541	5.0029993	130.96317	10149.674653291702
80	-15.669482	2.993831	-5.3580036	-22.27201	3.0206742	0.4796287	3.7002213	1.4159017	92.96904	95.425	1.0	1.0	2400004.0	-5.990221	3.5643957	1.6752936	-15.56498	-5.990224	3.5643942	1.7369839	-15.641041	1.9993132	2.0093484	40.713688	-12.921634	5.9965873	0.0012143704	0.0012164271	1.2076035e-06	-6.6999073	0.0012322428	-1.9993131	4.96371	129.86584	10279.697630643845
81	-15.583439	3.0089269	-5.1785913	-21.423815	2.8704727	0.46789035	3.73953	1.4913697	92.48297	91.125	1.0	1.0	2430004.0	-5.983827	3.5626843	1.8201374	-15.611619	-5.983828	3.5626898	1.8952117	-15.705438	1.9998466	2.0027652	36.21088	-14.435665	5.9900856	0.0011319376	0.0011206421	5.921178e-07	-6.7429323	0.0011809234	-1.9998466	4.9188356	129.67407	10409.405733585358
82	-15.757721	2.9175406	-5.172476	-22.037144	2.9015546	0.41032648	3.730089	2.1649504	93.55452	90.875	1.0	1.0	2460004.0	-5.9842796	3.5616832	1.7000121	-15.542542	-5.9842753	3.5616832	1.5405011	-15.545937	2.0007594	1.9955447	34.527813	-14.691957	5.9905276	0.0011592477	0.0011888659	-4.6879103e-07	-6.738619	0.0011857329	-2.0007594	4.912488	128.19234	10537.59332227707
83	-15.702336	3.2382486	-5.559983	-22.12697	2.8764808	0.40079615	3.750515	2.2719133	93.195656	91.525	1.0	1.0	2490004.0	-5.9830875	3.5615506	2.2012625	-15.526472	-5.9830904	3.5615551	1.6811278	-15.567432	2.0019026	2.0135493	50.696915	-12.737093	5.9892187	0.0011514102	0.001130807	-1.6924952e-06	-6.7054667	0.0012259089	-2.0019023	4.9246216	131.15515	10668.659824609756
84	-15.585052	2.98337	-5.350181	-22.795574	3.010446	0.443551	3.6932237	2.0287783	92.512344	96.45	1.0	1.0	2520004.0	-5.976648	3.5550308	1.4630276	-15.330839	-5.976649	3.5550342	1.4435022	-15.357874	1.9986515	2.0274687	35.569786	-11.892504	5.982904	0.0011732139	0.0011539778	2.3172106e-06	-6.7701626	0.0011493989	-1.9986519	4.9509974	130.39377	10798.998554468155
85	-15.774217	3.1207848	-5.5268497	-22.490276	2.8768582	0.59139836	3.713033	1.4142787	93.529594	91.075	1.0	1.0	2550004.0	-5.981795	3.5557735	1.8312306	-15.3798275	-5.981792	3.5557866	1.5159179	-15.374107	1.9980341	2.039221	37.650177	-13.430067	5.987848	0.001151913	0.0011326005	2.6459152e-06	-6.8154497	0.0010979297	-1.9980342	4.944884	127.81684	10926.847046136856
86	-15.726187	2.8752139	-5.350158	-23.04012	2.9401138	0.47367278	3.6155367	1.4721098	93.360245	93.05	1.0	1.0	2580004.0	-5.976597	3.5572994	1.370372	-15.446767	-5.976597	3.5573065	1.2744046	-15.512325	1.9997661	2.0581582	57.66356	-14.058703	5.9827113	0.0011144523	0.0011017249	7.7657273e-07	-6.837048	0.0010744067	-1.999766	4.9375744	130.56177	11057.392660856247
87	-15.567419	2.9073098	-5.5265675	-21.832409	2.9576814	0.40268	3.6551309	2.2031043	92.347694	93.625	1.0	1.0	2610004.0	-5.9778666	3.5544288	1.73095	-15.429629	-5.9778657	3.5544338	1.3747029	-15.500299	1.9977063	2.0688698	42.12016	-14.772606	5.983995	0.0012754229	0.0012517982	3.3000192e-06	-6.822655	0.001091866	-1.9977063	4.9149017	130.65479	11188.047325372696
88	-15.465488	2.8666222	-5.3757467	-21.538723	2.9606276	0.45595333	3.7233834	1.4251754	91.84308	94.25	1.0	1.0	2640004.0	-5.972972	3.5537012	1.9106857	-15.488753	-5.9729714	3.5537071	1.8286041	-15.574744	1.9981122	2.0616758	55.34867	-13.498185	5.9788814	0.0010688324	0.0010475093	2.4502083e-06	-6.8479404	0.0010630488	-1.9981122	4.9603167	129.80399	11317.862835884094
89	-15.627269	2.7651706	-5.5281997	-22.279398	2.941812	0.42547446	3.8053262	2.2422729	92.73538	93.45	1.0	1.0	2670004.0	-5.969953	3.5519032	2.5239038	-15.316809	-5.9699535	3.5519094	1.5524806	-15.324166	2.0011919	2.0683403	62.937412	-13.138747	5.9762397	0.0011839941	0.0011809107	-5.285391e-07	-6.8378134	0.0010754247	-2.0011919	4.92939	131.59018	11449.451234817505
90	-15.806732	2.812604	-6.062763	-22.04208	2.9057832	0.44681114	3.7577012	1.5250982	93.875	90.875	1.0	1.0	2700004.0	-5.9649973	3.5529892	2.451586	-15.42021	-5.964997	3.5529895	1.7141949	-15.372957	1.9991671	2.0376234	49.70466	-12.345162	5.9711413	0.001270569	0.0012651695	1.3631314e-06	-6.822889	0.0010904323	-1.9991671	4.9257517	131.30447	11580.913742780685
91	-15.627062	2.8906403	-6.058388	-21.907984	2.9107509	0.46695223	3.6081378	1.4546219	92.77329	92.45	1.0	1.0	2730004.0	-5.960197	3.552144	1.6913738	-15.763111	-5.960197	3.5521424	1.768977	-15.507989	2.0016334	2.0480194	61.41601	-15.997459	5.966739	0.0010881511	0.0011118472	-1.3082573e-06	-6.81932	0.0010938777	-2.0016334	4.920532	129.77747	11710.523132801056
92	-15.770561	2.8706	-5.738399	-22.479652	2.8627095	0.4238122	3.7282553	2.224128	93.63551	91.425	1.0	1.0	2760004.0	-5.961072	3.5530744	1.3542873	-16.2572	-5.961074	3.5530822	1.9021612	-15.5128	1.9994357	2.0448732	50.03281	-11.32295	5.967148	0.0011832861	0.0011804128	1.1993569e-06	-6.783103	0.0011343283	-1.9994358	4.9239173	130.43726	11840.987169265747
93	-15.461736	3.0764046	-5.52838	-21.66165	2.8757253	0.417817	3.7474122	2.0588832	91.77439	91.7	1.0	1.0	2790004.0	-5.956399	3.5467525	1.3781363	-15.32183	-5.956398	3.546763	1.2856113	-15.227678	1.9962063	2.0557659	37.946987	-12.664169	5.9624887	0.0012295665	0.0012096547	4.4609765e-06	-6.896628	0.001013677	-1.9962062	4.93404	129.9991	11970.962124586105
94	-15.748471	2.9111164	-5.544277	-21.22132	2.9850254	0.45443463	3.7430575	2.2605243	93.45	94.775	1.0	1.0	2820004.0	-5.955233	3.5499885	1.4880056	-15.456213	-5.9552355	3.5499935	1.5281122	-15.489243	1.9979913	2.0593498	77.01526	-12.98422	5.9612994	0.0011934204	0.0012098189	2.5013358e-06	-6.9089055	0.0010009309	-1.9979914	4.9147215	126.90848	12097.857742547989
95	-15.611464	2.8705812	-5.1822968	-21.767654	3.0772738	0.46113914	3.7522025	1.9869713	92.72531	99.25	1.0	1.0	2850004.0	-5.9498186	3.5509148	1.6129255	-15.377856	-5.9498177	3.550911	1.1353408	-15.30369	2.002548	2.0673447	51.471703	-14.772778	5.9558535	0.0010715749	0.0010692572	-2.0086961e-06	-6.8925896	0.001016715	-2.002548	5.0038514	130.38055	12228.296082735062
96	-15.776869	2.848812	-6.2600117	-22.428955	2.8472064	0.45619616	3.7172194	1.4312316	93.655174	89.875	1.0	1.0	2880004.0	-5.945091	3.5440717	1.4324907	-15.5029745	-5.94509	3.5440793	1.0937507	-15.36777	2.000577	2.058533	38.350224	-13.592244	5.9510937	0.001142675	0.0011400365	-1.6422787e-07	-6.8729343	0.0010362341	-2.0005767	4.959755	129.65297	12357.847754716873
97	-15.812317	2.7755098	-5.373016	-22.604784	2.9075215	0.42986503	3.5583022	1.4926059	93.8875	91.675	1.0	1.0	2910004.0	-5.945649	3.545055	1.1570464	-15.602506	-5.945652	3.545054	1.2597772	-15.502211	2.0013673	2.05892	33.693535	-14.800148	5.951458	0.0010713569	0.0010841344	-9.4532544e-07	-6.8726315	0.0010373301	-2.001367	4.912715	131.43483	12489.267753601074
98	-15.753435	2.7696843	-5.3549843	-22.604727	3.039165	0.43105567	3.7471855	2.3329115	93.529594	96.55	1.0	1.0	2940004.0	-5.9489665	3.5434027	1.6184537	-15.513142	-5.948966	3.5434103	1.5704468	-15.451155	1.999552	2.0550683	38.258656	-10.814518	5.9550123	0.0011876159	0.0012018326	8.7914316e-07	-6.907849	0.0010011669	-1.9995518	4.9723277	129.31917	12618.682631969452
99	-15.487988	2.9459307	-5.1739864	-22.613314	2.8878634	0.51080155	3.5757527	1.5325338	91.926155	91.45	1.0	1.0	2970004.0	-5.946746	3.5449395	1.5696498	-15.507879	-5.946744	3.5449436	1.1103721	-15.461362	1.9996914	2.0701563	44.817123	-12.913893	5.9525943	0.0011347737	0.0011239344	7.4598665e-07	-6.893813	0.001014894	-1.9996915	4.942451	129.20561	12748.136194467545
