Epoch	AverageEpRet	StdEpRet	MaxEpRet	MinEpRet	AverageTestEpRet	StdTestEpRet	MaxTestEpRet	MinTestEpRet	AverageEpCost	StdEpCost	MaxEpCost	MinEpCost	AverageTestEpCost	StdTestEpCost	MaxTestEpCost	MinTestEpCost	EpLen	TestEpLen	EpGoals	TestEpGoals	CumulativeCost	CostRate	TotalEnvInteracts	AverageQR1Vals	StdQR1Vals	MaxQR1Vals	MinQR1Vals	AverageQR2Vals	StdQR2Vals	MaxQR2Vals	MinQR2Vals	AverageQCVals	StdQCVals	MaxQCVals	MinQCVals	AverageQCVar	StdQCVar	MaxQCVar	MinQCVar	AverageLogPi	StdLogPi	MaxLogPi	MinLogPi	LossPi	LossQR1	LossQR2	LossQC	LossQCVar	LossAlpha	LogAlpha	Alpha	LossBeta	LogBeta	Beta	PiEntropy	TestTime	EpochTime	TotalTime
1	-0.021850275	0.67640656	2.7029574	-3.1779304	-0.044885803	0.57900006	1.7111652	-1.2628378	8.1081085	27.42561	163.0	0.0	8.8	31.986872	158.0	0.0	199.86487	196.625	0.02027027	0.0	1200.0	0.02	30004.0	3.6165755	1.48652	5.812554	-3.6696346	3.5339885	1.6566371	5.818974	-3.765665	-0.29932067	1.4409673	20.078064	-2.7560272	0.66301847	0.93850636	61.86353	0.030862167	-0.9755363	1.2216927	20.397886	-10.169027	-6.597853	0.12639539	0.077392176	0.024492556	0.04693919	0.54728484	-2.2797027	0.18314455	0.036621235	-7.3485875	0.041166108	0.9755363	4.631658	138.85216	139.72059869766235
2	0.15800941	0.8875899	2.8721309	-3.035734	-0.66795844	1.3856015	0.83052254	-4.555732	13.942307	36.533836	178.0	0.0	6.6	29.133999	159.0	0.0	191.39102	204.5	0.051282052	0.0	3375.0	0.0375	60004.0	2.8440218	1.5590957	5.338397	-2.4668107	2.8440173	1.5589832	5.356673	-2.4599874	0.23504166	1.8620776	22.614138	-3.3062024	0.72228205	1.3040608	43.17063	0.0070226975	0.46692976	2.844575	50.091198	-12.152426	-2.0927572	0.0014106429	0.0016111066	0.018910762	0.07260281	0.012165271	-5.3137546	0.0061890916	1.5673528e-06	-9.489395	7.729955e-05	-0.46692973	4.2224007	143.92984	283.66184520721436
3	0.23936793	0.602321	2.2971754	-1.4519148	0.4325797	0.28206462	1.0026479	-0.5658467	7.6688743	28.170656	213.0	0.0	14.8	44.82142	180.0	0.0	200.351	204.25	0.0066225166	0.0	4533.0	0.037775	90004.0	1.3283286	1.3185514	3.9520912	-2.8670888	1.3283138	1.3185833	3.9565997	-3.2394016	0.56055593	2.736529	34.12261	-8.289738	0.6397867	1.7400566	95.77075	1.3858997e-07	1.9708685	4.534646	80.80031	-10.760067	1.0606903	0.000382557	0.00038004792	0.03266881	0.15103121	0.00011296719	-6.084327	0.0023826563	0.0052451417	-2.8592718	0.35416812	-1.9708685	4.249605	142.2397	425.98296451568604
4	0.439462	0.7500882	3.571139	-0.81517977	0.43445915	0.60584164	1.3423221	-1.0609709	4.7712417	20.976955	128.0	0.0	25.2	48.31315	185.0	0.0	194.90196	194.75	0.05882353	0.0	5263.0	0.03508666666666667	120004.0	0.39375535	0.94246525	2.6254857	-3.0505946	0.39374554	0.94248885	2.6103325	-3.1632674	0.81117344	3.2519062	38.17889	-10.38071	0.5807545	2.070682	90.08217	1e-08	2.0003493	4.840611	100.160515	-11.383077	1.8572078	0.00050063373	0.0004907337	0.03817839	0.20013702	9.607267e-06	-6.0449266	0.0024051704	5.463644e-05	-7.3170342	0.0015238272	-2.0003493	4.1501303	144.35162	570.2631113529205
5	0.81496805	1.0483199	3.6531055	-1.5590761	0.25243908	0.6546809	1.668333	-0.7583778	5.548193	21.203987	133.0	0.0	0.425	2.6541243	17.0	0.0	182.1506	194.925	0.16867469	0.05	6184.0	0.034355555555555556	150004.0	-0.1400155	0.63147783	1.6595361	-3.8145444	-0.14000262	0.63149977	2.3027434	-3.9567752	0.874063	3.090216	39.42267	-18.3279	0.57807016	2.243124	110.293274	1e-08	1.9630091	4.9208574	90.575935	-11.535851	1.9997381	0.0007675579	0.00076759816	0.03893371	0.18960878	9.2365284e-05	-5.9910507	0.0025676046	9.590726e-07	-11.326535	2.074364e-05	-1.9630094	4.2159114	146.0263	716.2964777946472
6	0.78338695	0.8342755	2.8487947	-1.229362	0.6927196	0.69380426	2.8795784	-0.3292348	7.246753	22.628654	163.0	0.0	0.35	1.3143439	7.0	0.0	193.77272	191.6	0.077922076	0.075	7300.0	0.034761904761904765	180004.0	-0.3478315	0.4170652	1.6333307	-3.8790772	-0.34782332	0.41709024	1.5442371	-3.8840878	0.9553681	3.0007648	43.13482	-9.564163	0.49025717	2.1450422	103.52441	1e-08	2.0176227	4.804683	76.67824	-13.715239	2.096942	0.0007187472	0.0007170309	0.03297023	0.18066649	-3.275711e-05	-6.067695	0.0023546966	2.2094046e-08	-15.100418	4.7818907e-07	-2.0176225	4.2220497	144.64328	860.9581825733185
7	0.661886	0.6855261	2.8689203	-0.69288963	0.74666667	1.0163368	2.589053	-0.65146863	1.8051949	12.522746	143.0	0.0	2.025	10.631292	67.0	0.0	194.43506	183.675	0.038961038	0.175	7578.0	0.031575	210004.0	-0.40350628	0.36430863	1.939339	-3.660604	-0.4035023	0.3643168	1.8548677	-3.7086604	0.9444406	2.842592	41.928185	-9.159637	0.4634401	1.9445041	141.98657	1e-08	1.9645176	4.6959796	77.206055	-12.32138	2.0557635	0.0007697681	0.0007586286	0.030344877	0.16300537	7.857606e-05	-6.2577386	0.0019622822	4.7094656e-10	-18.131533	1.1869485e-08	-1.9645174	4.380018	144.07788	1005.2546765804291
8	1.2712638	1.1807363	3.5271218	-0.4832976	1.9792541	0.95762813	3.6139255	0.26659888	0.9830508	6.306193	54.0	0.0	10.85	21.730797	86.0	0.0	170.74011	159.75	0.3502825	0.475	7752.0	0.02871111111111111	240004.0	-0.3445121	0.32231158	1.5794767	-3.3109992	-0.34450653	0.32235408	1.8223071	-3.1807199	0.8310372	2.7078056	39.946312	-6.186923	0.5953417	2.0381918	89.970985	1e-08	1.9677553	4.3656387	82.624016	-11.386496	2.0000563	0.00055014965	0.0005399816	0.027850915	0.14613155	5.217069e-05	-6.4005103	0.0016919288	1.2095163e-11	-18.420683	4.1107048e-10	-1.9677552	4.622937	151.24983	1156.4223606586456
9	1.1128534	1.0928704	3.5862558	-0.32204452	1.7123003	1.3939563	3.6255045	-0.23970233	0.5030303	4.57877	53.0	0.0	0.6	3.7469985	24.0	0.0	181.13939	167.375	0.23636363	0.475	7835.0	0.026116666666666667	270004.0	-0.22331508	0.3662534	1.522626	-2.6708272	-0.22330813	0.36627138	1.6407256	-2.7153924	0.67985517	2.4786296	39.44956	-9.02347	0.70581317	1.9787129	92.14997	2.564335e-07	1.9941914	4.317406	81.79336	-11.732069	1.7471969	0.00054727594	0.00054686854	0.02451803	0.12494927	1.2035147e-05	-6.451894	0.0015975164	7.081509e-13	-18.420683	4.5512715e-11	-1.9941912	4.7190022	147.79088	1304.2745280265808
10	1.5743151	1.1208591	3.6108892	-0.124376155	1.7667233	1.164053	3.6626465	0.07961222	0.43258426	4.689032	61.0	0.0	0.75	4.6837487	30.0	0.0	168.08989	151.55	0.3988764	0.55	7912.0	0.023975757575757577	300004.0	-0.11418857	0.40336153	1.5637128	-3.0897994	-0.114191845	0.40337172	1.569836	-3.103158	0.5472933	2.2443612	38.833557	-7.835513	0.7969602	1.9026172	120.66598	1.1128585e-07	1.9844722	4.0692196	83.01099	-12.323986	1.4041535	0.0004846728	0.00048448454	0.022045834	0.10553148	2.2137549e-05	-6.6582994	0.0013033439	1.8238511e-13	-18.420683	2.0684548e-11	-1.9844722	4.6684184	152.16223	1456.3751020431519
11	2.1215408	1.010439	3.6858199	-0.19866738	2.0442777	1.1339097	3.5801978	0.21210589	1.044335	6.369029	55.0	0.0	0.0	0.0	0.0	0.0	147.54187	159.35	0.6009852	0.625	8124.0	0.022566666666666665	330004.0	0.020245263	0.450723	1.8668486	-3.2646284	0.020251133	0.45073342	1.4990644	-3.2653255	0.4583762	2.1381106	36.97701	-9.555428	0.8105444	1.7351966	122.718765	4.243104e-08	2.0137558	3.958641	82.75702	-11.9762945	1.0645149	0.00041775228	0.00041450388	0.02066349	0.09557819	-1.3474051e-05	-6.7584014	0.00117656	1.7095507e-13	-18.420683	1.3364555e-11	-2.013756	4.865825	155.85727	1612.1384539604187
12	2.2394063	1.0047145	3.7594361	-0.12381736	2.3619258	0.8429928	3.6576867	0.2298132	0.29126215	2.2732341	26.0	0.0	1.175	7.3378725	47.0	0.0	146.63107	136.525	0.6699029	0.725	8184.0	0.020984615384615386	360004.0	0.13083892	0.46791637	1.6832998	-2.7609282	0.13084106	0.46791843	1.4691383	-2.7642496	0.39521062	2.1389754	35.70949	-4.4263563	0.75060624	1.5491822	126.72034	5.245195e-06	1.9922112	3.8691273	76.94999	-12.455671	0.93931395	0.00033910866	0.00033670972	0.019626437	0.092348844	1.1672633e-05	-6.755993	0.001183664	1.0633685e-13	-18.420683	9.7136865e-12	-1.9922112	4.875864	156.21341	1768.4583258628845
13	2.4304557	0.89589804	3.7459652	-0.19772619	2.6462162	0.928503	3.628727	0.3096368	0.6757991	4.2350903	35.0	0.0	1.15	5.1891713	29.0	0.0	136.80365	128.225	0.7625571	0.825	8332.0	0.019838095238095238	390004.0	0.20836276	0.50149626	1.9174104	-2.3475606	0.20836614	0.5014894	1.7664784	-2.463448	0.34000382	2.0681643	44.31328	-5.234311	0.7038284	1.4485527	132.3231	2.193427e-05	1.98106	3.956291	76.796	-12.782647	0.9263552	0.0003600244	0.00035830136	0.019120954	0.08577162	2.3243887e-05	-6.7625914	0.0011706566	-2.9076593e-15	-18.420683	8.339994e-12	-1.9810601	4.95792	160.24202	1928.5458042621613
14	2.3989086	0.85455173	3.6005335	0.005774534	1.7730032	0.9572658	3.373881	0.23293729	1.5555556	8.982342	90.0	0.0	0.0	0.0	0.0	0.0	132.72444	134.45	0.7733333	0.575	8682.0	0.019293333333333332	420004.0	0.26714045	0.53711474	1.4750904	-2.5356998	0.2671378	0.53711617	1.4730442	-2.7916355	0.32814226	2.0550663	45.119453	-13.993937	0.63623977	1.4174577	129.37154	0.00010191875	1.9784733	3.9731152	90.51322	-12.94287	0.40148762	0.00035453952	0.00035369946	0.019045452	0.085663214	2.5616899e-05	-6.7115135	0.0012357536	1.8918364e-13	-18.420683	6.4855252e-12	-1.9784735	4.644554	158.68726	2087.2056963443756
15	2.2804797	0.96610934	3.750614	-0.29540896	2.4789028	0.7629071	3.6120389	0.1590458	0.82666665	8.257049	107.0	0.0	0.0	0.0	0.0	0.0	134.18222	109.225	0.72444445	0.875	8868.0	0.018475	450004.0	0.28257215	0.56940234	1.497095	-2.8330843	0.28256854	0.569391	1.4907639	-2.6098988	0.32732403	2.0141938	43.20886	-19.203619	0.63344103	1.5481069	134.29869	6.544376e-05	2.0226316	4.1475344	111.90181	-11.858582	0.43042254	0.00037686792	0.0003816455	0.01998604	0.087637074	-1.6040376e-05	-6.619872	0.0013651719	1.06508816e-13	-18.420683	4.774648e-12	-2.0226316	4.939741	159.29948	2246.724395275116
16	2.5953498	0.7212461	3.7079961	-0.15473321	2.6384933	0.83453906	3.6973588	0.063924015	0.046413504	0.71301764	11.0	0.0	0.0	0.0	0.0	0.0	126.464134	135.85	0.8312236	0.825	8879.0	0.01740980392156863	480004.0	0.2955934	0.5948383	1.4703615	-3.48286	0.29559532	0.59483254	1.4798143	-3.7280128	0.33825043	1.9986826	40.610485	-16.456627	0.68341994	1.7187129	128.68988	2.7179349e-05	1.9886057	3.7700415	78.44609	-12.617226	0.4018954	0.0004353221	0.00043773156	0.02035477	0.08857708	1.7678374e-05	-6.5873265	0.0013925239	9.141555e-14	-18.420683	3.6352971e-12	-1.9886057	4.9735136	159.94855	2406.5140323638916
17	2.6463397	0.7382546	3.7036614	-0.020721268	2.6819634	0.5420402	3.6177187	1.4256285	0.1336207	2.030859	31.0	0.0	0.0	0.0	0.0	0.0	129.125	118.3	0.8405172	0.875	8910.0	0.0165	510004.0	0.35296017	0.6074539	1.4309751	-4.6145864	0.35296232	0.6074526	1.4307612	-4.7269597	0.34840134	1.9068527	36.20972	-13.90503	0.7301422	1.6882567	150.25816	4.7444173e-05	2.0081613	3.579863	79.48897	-12.664288	0.31731573	0.0004699365	0.0004674796	0.018555759	0.079492174	-9.488303e-06	-6.5328145	0.0014685367	6.989836e-14	-18.420683	2.978047e-12	-2.0081613	4.9406095	160.60724	2567.218891143799
18	2.63462	0.7976217	3.755978	-0.22192721	2.6995213	0.5762953	3.6268659	0.27626407	0.21940929	2.0444336	25.0	0.0	0.0	0.0	0.0	0.0	126.45148	110.65	0.8523207	0.925	8962.0	0.01572280701754386	540004.0	0.3939419	0.62146205	1.4900266	-4.139179	0.39394608	0.6214481	1.4848831	-4.147011	0.3539163	1.9183718	40.36956	-19.467093	0.68422884	1.5555019	182.02682	6.031808e-05	2.0076718	3.5302486	87.47293	-13.296832	0.25960973	0.00043930317	0.00044424002	0.017057575	0.07616371	-1.2878481e-05	-6.485504	0.0015370321	5.877433e-14	-18.420683	2.5435663e-12	-2.007672	5.0611153	159.76213	2726.856324672699
19	2.7546773	0.6162291	3.7679021	0.2537977	2.765867	0.6201855	3.7077467	0.21957955	0.5691057	3.8804936	37.0	0.0	0.0	0.0	0.0	0.0	122.18293	115.375	0.91056913	0.9	9102.0	0.01517	570004.0	0.43523028	0.6281764	1.5050443	-4.650144	0.4352377	0.6281715	1.6847245	-4.610413	0.33613408	1.8540392	40.82815	-15.46288	0.6947114	1.6015053	196.10323	1.3351351e-05	1.9833204	3.4305122	82.04699	-12.640318	0.13359292	0.00046841794	0.0004639767	0.016998213	0.0732983	3.1350868e-05	-6.4760523	0.0015563961	5.864322e-14	-18.420683	2.2350607e-12	-1.9833204	4.938403	160.91068	2887.7926161289215
20	2.7253234	0.694048	3.762704	0.11165334	2.8018315	0.6224311	3.66845	0.5429861	0.08032128	1.2649008	20.0	0.0	0.0	0.0	0.0	0.0	120.83132	122.05	0.90361446	0.925	9122.0	0.01447936507936508	600004.0	0.45464024	0.6371806	1.4960095	-4.2233377	0.45463407	0.6371807	1.4976454	-4.2299533	0.31989443	1.762134	40.475655	-3.7103417	0.6903212	1.6215819	255.0446	2.396078e-05	2.0027351	3.1978297	80.958466	-12.433473	-0.05441188	0.00047549568	0.0004739662	0.016333453	0.06811661	-1.8028359e-06	-6.360335	0.0017452369	6.155678e-14	-18.420683	1.9529027e-12	-2.0027354	4.9950075	161.82465	3049.6713483333588
21	2.7178075	0.65601003	3.7383208	0.121862456	2.68986	0.7971555	3.7654278	0.1157038	0.06557377	0.9601717	15.0	0.0	0.0	0.0	0.0	0.0	122.12295	120.375	0.89344263	0.925	9138.0	0.013845454545454546	630004.0	0.48763195	0.63434356	1.5048592	-3.9645996	0.48763335	0.6343451	1.5151387	-4.049002	0.3349153	1.7896652	39.18605	-5.443985	0.66343427	1.6862671	229.60646	2.179872e-08	1.9938331	3.126236	94.77159	-11.53772	-0.13708141	0.00039618748	0.0003901497	0.016410846	0.06882879	1.1254477e-05	-6.489968	0.0015278084	6.129238e-14	-18.420683	1.666319e-12	-1.9938331	5.0188847	162.02911	3211.6503036022186
22	2.6949286	0.7542141	3.7555552	0.054313358	2.0035737	1.0833448	3.270559	0.2564689	0.9008621	8.651968	97.0	0.0	0.0	0.0	0.0	0.0	129.6293	130.7	0.8663793	0.65	9347.0	0.013546376811594202	660004.0	0.50864834	0.626399	1.5247267	-3.8147662	0.50865185	0.6264017	1.5199085	-3.8276227	0.3168745	1.7262291	42.712765	-7.073227	0.6580694	1.4795035	275.1547	1.5853198e-07	1.9892493	3.3159232	84.69379	-12.7373295	-0.1392888	0.0003936493	0.0003892186	0.015122725	0.06402979	1.6490834e-05	-6.5029564	0.0015126945	4.4554428e-14	-18.420683	1.464917e-12	-1.9892495	4.663446	158.74054	3370.356765985489
23	2.6565702	0.7831785	3.7493012	-0.31234887	2.689979	0.5925108	3.7788444	0.6070158	0.0	0.0	0.0	0.0	0.0	0.0	0.0	0.0	130.01292	118.85	0.8534483	0.875	9347.0	0.012981944444444445	690004.0	0.5060878	0.6468245	1.5189447	-3.4256506	0.50608826	0.6468222	1.5250584	-3.5418165	0.31669304	1.7058543	45.38402	-6.185232	0.6943574	1.7831672	314.15408	1e-08	2.0101743	3.496891	98.96908	-12.49151	-0.17727007	0.0004560912	0.00045481548	0.014717809	0.06363934	-1.2617108e-05	-6.599576	0.0013782972	4.643914e-14	-18.420683	1.3145673e-12	-2.0101743	4.9599195	158.81383	3529.2005577087402
24	2.6186323	0.7505297	3.7115786	0.047388103	2.683929	0.7463384	3.699162	0.060515925	0.051502146	0.58369094	8.0	0.0	0.225	1.4051244	9.0	0.0	127.93991	128.025	0.8497854	0.8	9359.0	0.012478666666666667	720004.0	0.50687385	0.6474714	1.4667232	-4.6088257	0.50688374	0.647461	1.4731185	-5.095906	0.30837622	1.5927693	46.571594	-6.398085	0.7321093	1.7118999	357.95444	1e-08	1.983281	3.4480371	95.23174	-12.236709	-0.18674238	0.0005674487	0.00057339825	0.01292945	0.055525407	2.5632842e-05	-6.5814543	0.0013927323	3.4341152e-14	-18.420683	1.1954408e-12	-1.983281	4.993792	158.82368	3687.970223426819
25	2.6764762	0.74177104	3.7706394	-0.031035148	2.8566973	0.61379087	3.7970517	1.4671034	0.30278885	3.0316968	35.0	0.0	0.275	1.7173744	11.0	0.0	120.21116	111.6	0.8924303	0.975	9435.0	0.012096153846153847	750004.0	0.5303302	0.644677	1.4855664	-4.58447	0.530333	0.6446547	1.4985027	-4.6872826	0.2548124	1.5942863	50.272705	-9.178112	0.8159463	1.7069205	291.69577	1e-08	2.002823	3.3151572	88.44209	-11.287258	0.020090131	0.0004792802	0.00048675152	0.013561129	0.05576416	-1.8240521e-06	-6.6791835	0.0012710635	1.532134e-14	-18.420683	1.1262434e-12	-2.0028234	5.077015	162.74126	3850.7727839946747
26	2.765142	0.6443606	3.7883253	-0.16360159	2.8362079	0.48015317	3.7008219	1.3120861	0.0	0.0	0.0	0.0	0.0	0.0	0.0	0.0	119.27381	110.275	0.90873015	0.975	9435.0	0.011648148148148149	780004.0	0.5838497	0.641935	1.5432531	-4.7854104	0.58385134	0.6419228	1.5563253	-5.211775	0.20674776	1.4696485	51.99135	-4.1162477	0.77557987	1.5215245	317.25378	1.6689287e-06	1.9933599	3.1786602	90.69833	-11.526398	-0.24779314	0.00041661397	0.00042217114	0.011623328	0.048037596	1.1019417e-05	-6.6024942	0.0013645291	2.1262155e-14	-18.420683	1.0777663e-12	-1.9933599	5.0434303	162.1106	4012.83074760437
27	2.8134038	0.5776198	3.7817874	0.31497774	2.8515668	0.4492682	3.7250009	1.681827	0.21138212	2.4717987	35.0	0.0	0.125	0.78062475	5.0	0.0	121.48781	118.075	0.9390244	0.95	9487.0	0.011294047619047618	810004.0	0.6397375	0.63403213	1.5685468	-5.810807	0.63973635	0.63404757	1.5813358	-5.714777	0.18518718	1.4912605	41.992695	-5.3508697	0.72372395	1.5183132	285.5559	2.4692764e-07	2.0079417	3.0681272	93.0201	-11.636343	-0.44460592	0.00041892062	0.00041049387	0.012606378	0.049433473	-1.0249909e-05	-6.574452	0.0014003495	2.9016892e-14	-18.420683	1.0136659e-12	-2.0079415	5.114262	161.43222	4174.308429479599
28	2.8517714	0.52448434	3.782589	-0.04189271	2.8649058	0.64845127	3.6939664	1.2885114	1.0573771	5.8222294	52.0	0.0	0.7	4.3714986	28.0	0.0	123.06148	143.525	0.94262296	0.8	9745.0	0.011201149425287356	840004.0	0.65614545	0.63192177	2.4316442	-6.0772557	0.65614367	0.6319154	1.5841986	-5.8182344	0.21544923	1.5698209	37.482796	-4.7429843	0.6380332	1.4743214	210.60004	1.3253657e-08	1.9999182	2.9806578	100.059654	-12.394162	-0.8447807	0.00045684955	0.00045799205	0.013349608	0.055052824	2.2198876e-06	-6.509106	0.0015017807	5.568968e-14	-18.420683	9.22343e-13	-1.9999182	4.997999	159.53998	4333.892324924469
29	2.6881242	0.6603869	3.7070365	-0.1822401	2.9592261	0.44636983	3.6988966	2.030278	0.2195122	2.1281562	26.0	0.0	1.4	6.1024585	28.0	0.0	120.91057	113.675	0.91056913	1.0	9799.0	0.010887777777777777	870004.0	0.6271578	0.6348345	1.5476288	-4.89828	0.62715477	0.6348223	1.5434233	-5.4749856	0.24349311	1.5605065	40.459225	-22.95452	0.6553517	1.6289537	244.25732	1e-08	2.001826	3.2221153	104.79116	-12.613298	-0.6122565	0.0005169962	0.00052349287	0.013276348	0.05503226	-9.945755e-07	-6.378742	0.0017047015	3.7882325e-14	-18.420683	8.1022873e-13	-2.001826	5.1593523	159.96376	4493.864573001862
30	2.5769336	0.9043232	3.8107371	-0.6606288	2.526296	0.75438845	3.5310237	0.34183553	0.6666667	5.708335	67.0	0.0	0.35	2.1857493	14.0	0.0	127.2827	122.975	0.84810126	0.9	9957.0	0.010706451612903225	900004.0	0.6288523	0.66593814	1.5444139	-6.2048664	0.628853	0.66591877	1.5368344	-6.4251437	0.2655159	1.5451853	38.25526	-16.047577	0.7573289	1.8966863	275.98047	1e-08	1.9804373	3.190846	106.526474	-12.367798	-0.36640993	0.0005957114	0.00060592423	0.013787138	0.054886572	2.9251243e-05	-6.640282	0.0013171043	2.3250848e-14	-18.420683	7.6060463e-13	-1.9804373	5.0891657	161.06085	4654.978066682816
31	2.4681783	0.87018085	3.7142906	0.039650857	2.6688843	0.82216144	3.678091	-0.42843983	0.558952	3.7173347	46.0	0.0	1.1	3.967367	19.0	0.0	131.27512	113.45	0.768559	0.925	10085.0	0.010505208333333333	930004.0	0.6223372	0.6830474	1.564269	-5.8535805	0.6223308	0.6830458	1.5488516	-5.8203697	0.2241692	1.450791	41.788593	-4.1708937	0.86829126	1.9167923	229.10382	3.0634418e-08	2.0081785	3.1390111	110.32441	-15.480635	-0.5248195	0.0005560495	0.0005612189	0.012271202	0.046908952	-9.447441e-06	-6.67562	0.0012674617	2.9566624e-14	-18.420683	7.140005e-13	-2.0081782	4.993292	161.61327	4816.562083721161
32	2.775692	0.66578865	3.7557647	0.1400663	3.0711987	0.4502196	3.7577717	1.8470576	0.088607594	1.297741	20.0	0.0	0.525	3.278624	21.0	0.0	126.337555	126.725	0.87341774	0.975	10106.0	0.010208080808080808	960004.0	0.63231814	0.68014514	1.559771	-5.3901987	0.63232076	0.680141	1.5593609	-5.3528337	0.19508053	1.4097264	41.334633	-6.1705647	0.9891372	2.284715	363.3672	2.7919834e-08	1.9821539	3.0335686	133.74379	-13.937275	-0.2584092	0.0005371428	0.0005327737	0.012964201	0.045411386	2.489245e-05	-6.64012	0.001325374	1.6690147e-14	-18.420683	6.749603e-13	-1.9821541	5.1826982	159.06091	4975.614920377731
33	2.7607229	0.63071865	3.7618928	-0.34351134	2.6942723	0.5927383	3.7119188	0.9657371	0.27530363	2.3458807	27.0	0.0	0.0	0.0	0.0	0.0	121.11741	110.9	0.88259107	0.9	10174.0	0.00997450980392157	990004.0	0.6682644	0.6724064	1.5959396	-5.2278705	0.6682642	0.6723974	1.5896981	-5.1321225	0.18269329	1.3580652	38.619194	-31.169228	1.018623	2.315904	401.8523	1e-08	2.001192	3.232862	126.34827	-14.607985	-0.30840808	0.00044256548	0.00044671772	0.013621668	0.047026593	7.150188e-07	-6.6352115	0.0013300854	1.5481186e-14	-18.420683	6.50691e-13	-2.001192	4.987896	161.688	5137.333516120911
34	2.8444855	0.5621106	3.7675376	-0.17123827	2.9603705	0.46840623	3.6993983	2.0158772	0.0	0.0	0.0	0.0	0.0	0.0	0.0	0.0	122.94694	120.625	0.9265306	0.925	10174.0	0.00968952380952381	1020004.0	0.6865453	0.6690512	1.582889	-5.1510477	0.68654025	0.6690451	1.5862318	-5.008583	0.17641847	1.2140679	41.41311	-42.202793	0.94874144	1.8863684	353.3015	1e-08	2.0012083	3.4070241	121.424484	-14.121131	-0.38505608	0.0004708559	0.00047311955	0.012447911	0.040291723	-3.524445e-07	-6.654122	0.001295436	1.095363e-14	-18.420683	6.274283e-13	-2.001208	5.129811	163.59302	5300.838717460632
35	2.8714695	0.47828117	3.745468	1.0493733	2.8717637	0.44983244	3.7804682	1.4781908	0.038314175	0.61779755	10.0	0.0	1.8	7.849204	37.0	0.0	114.873566	109.45	0.9578544	1.0	10184.0	0.00942962962962963	1050004.0	0.7278512	0.65221566	1.6034241	-5.195929	0.7278522	0.6521912	1.5950881	-4.9963646	0.16780165	0.90660137	32.942276	-4.8094416	0.8486957	1.3065988	128.53308	1e-08	1.9988561	2.9976494	112.95593	-14.505078	-0.60205835	0.00045768768	0.00046640003	0.009556786	0.027093079	2.7442675e-06	-6.6320972	0.0013224144	9.031217e-15	-18.420683	6.150325e-13	-1.9988561	5.0710344	163.7156	5464.441962957382
36	2.8794222	0.49568942	3.782321	1.1961977	2.8597965	0.44900295	3.814523	2.033396	0.47081712	3.1076856	31.0	0.0	0.0	0.0	0.0	0.0	117.14397	114.025	0.94163424	0.925	10305.0	0.009283783783783783	1080004.0	0.76802814	0.62560636	1.6004654	-4.9465313	0.7680278	0.6255915	1.6020075	-4.4595537	0.1974304	0.9179213	36.283207	-6.39914	0.7067431	1.071975	113.18974	1e-08	2.0031116	2.7990217	101.322556	-14.7713585	-0.74493206	0.00044009075	0.00044524428	0.008980835	0.025605245	-3.0936624e-06	-6.6067796	0.0013548381	1.1055847e-14	-18.420683	6.005924e-13	-2.0031116	5.0473003	161.52567	5626.008134126663
37	2.8088298	0.5966187	3.7179635	-0.30159324	2.739395	0.5374577	3.688155	1.434765	0.44621515	3.263967	33.0	0.0	0.525	2.499875	15.0	0.0	118.86056	117.475	0.9163347	0.925	10417.0	0.009137719298245615	1110004.0	0.7875094	0.60770386	1.5961407	-4.5030494	0.78750896	0.6076957	1.601364	-4.3927336	0.23295224	0.96906406	34.51556	-2.5524006	0.624356	1.1840928	184.3427	1e-08	1.9984783	2.7528064	95.29402	-15.3105345	-0.8308385	0.00038140157	0.00038280577	0.009022628	0.026871573	3.6989281e-06	-6.6025896	0.0013616696	1.37739754e-14	-18.420683	5.83179e-13	-1.9984783	4.9965515	158.73282	5784.839918851852
38	2.6703303	0.7163883	3.7623491	0.018511638	2.6722844	0.86852795	3.7390926	0.13926092	4.5176992	19.80574	136.0	0.0	0.7	4.3714986	28.0	0.0	133.23894	130.775	0.8362832	0.85	11438.0	0.009776068376068377	1140004.0	0.7802164	0.6020767	1.5765357	-6.121455	0.7802122	0.60206157	1.5826623	-5.176963	0.27658352	1.1556985	35.89452	-10.690712	0.603906	1.4838303	183.2072	1e-08	2.0029078	2.7194037	144.78287	-14.08457	-1.0177443	0.00039418042	0.00040428143	0.010063881	0.034286737	-2.8954148e-06	-6.575537	0.0014022957	2.5280118e-14	-18.420683	5.5844993e-13	-2.0029078	5.0270042	159.81738	5944.638221740723
39	2.3323598	1.0030379	3.7793295	-0.08818304	1.5288398	1.1460245	3.5047588	-0.14247881	3.8411214	12.033947	78.0	0.0	1.325	7.373559	47.0	0.0	140.03271	174.575	0.74766356	0.45	12260.0	0.010216666666666667	1170004.0	0.687841	0.61106014	1.5465451	-4.9377832	0.68784475	0.6110547	1.5548955	-4.4290166	0.3189349	1.3288617	46.996796	-13.404086	0.5754818	1.5109507	210.49236	1e-08	1.9980316	3.0671697	176.82135	-14.172808	-1.1928375	0.00043969866	0.00043972925	0.012837956	0.044488776	5.1533048e-06	-6.553516	0.0014410154	3.7968398e-14	-18.420683	5.1451904e-13	-1.9980317	4.7062745	158.45671	6103.126058340073
40	2.1472201	1.0870193	3.7386236	-0.22563307	2.4026904	0.96083987	3.69183	0.09319156	2.7591622	12.026786	113.0	0.0	1.9	8.639444	49.0	0.0	156.43979	151.975	0.6492147	0.675	12787.0	0.010395934959349594	1200004.0	0.55791795	0.6310627	1.4537379	-5.46309	0.557914	0.6310572	1.5547416	-5.3327103	0.32452017	1.2805579	49.151882	-6.1216593	0.66255486	1.485862	153.65852	1e-08	2.0010524	3.551952	180.73082	-11.875615	-0.7594397	0.00056268147	0.00056540134	0.012835612	0.043947954	1.6021597e-06	-6.3505406	0.0017734673	2.544528e-14	-18.420683	4.7795665e-13	-2.0010526	4.890297	154.81462	6258.035592079163
41	2.38363	0.9754008	3.7629642	-0.73406655	2.7200956	0.64222	3.673033	0.31985936	0.7844037	5.9388576	66.0	0.0	0.0	0.0	0.0	0.0	137.31651	105.725	0.7706422	0.95	12958.0	0.010284126984126984	1230004.0	0.49696407	0.67134076	1.6238005	-11.840612	0.49695918	0.6713078	1.532914	-9.96425	0.31240696	1.1250305	43.731792	-5.400978	0.8036704	1.7147063	163.93137	1e-08	1.9883816	3.4230514	131.81657	-11.158406	-0.4885811	0.0008124021	0.00082192826	0.011131494	0.036473535	1.901168e-05	-6.458999	0.0015781535	1.6902952e-14	-18.420683	4.5204053e-13	-1.9883817	5.008601	158.6129	6416.470047235489
42	2.8508832	0.5732944	3.773535	0.22743954	2.9337373	0.4452364	3.6892061	1.5065503	0.078125	1.2475562	20.0	0.0	0.0	0.0	0.0	0.0	118.01953	110.575	0.9375	1.0	12978.0	0.010060465116279069	1260004.0	0.54454815	0.671801	1.5260572	-13.715425	0.5445638	0.6717567	1.5940945	-12.644647	0.26515794	1.1214899	40.816944	-4.5313187	0.93496615	1.866565	157.13129	1e-08	1.9977534	2.924176	118.8582	-11.35821	-0.41492167	0.0007380313	0.00074189174	0.011343757	0.034549154	4.8416405e-06	-6.533831	0.0014591955	1.2807373e-14	-18.420683	4.3788156e-13	-1.9977534	5.1369696	162.7016	6579.242760658264
43	2.749267	0.6786127	3.7232132	-0.48325798	2.8982453	0.38750345	3.5898721	2.2759676	0.2248062	2.0086646	24.0	0.0	0.0	0.0	0.0	0.0	116.147285	116.55	0.9263566	0.975	13036.0	0.009875757575757576	1290004.0	0.6338702	0.66091955	1.5717511	-10.081521	0.63387346	0.6609194	1.6337395	-10.254989	0.23525953	1.148407	40.38077	-4.413472	0.91227645	1.7927387	237.83612	1e-08	2.0084891	2.709699	102.864365	-13.605064	-0.5845783	0.0006242012	0.00061827566	0.011348628	0.03575078	-1.1189085e-05	-6.5464945	0.0014458287	1.4628145e-14	-18.420683	4.232314e-13	-2.0084891	5.175517	163.29575	6742.42263507843
44	2.7983148	0.6063227	3.7311182	-0.15278628	2.9274158	0.4782626	3.693123	1.6340315	0.04330709	0.6888414	11.0	0.0	0.0	0.0	0.0	0.0	118.862206	109.275	0.93307084	1.0	13047.0	0.009664444444444444	1320004.0	0.6870872	0.6336213	1.5782218	-6.8479233	0.687089	0.63362116	1.595516	-6.5978746	0.22322853	1.0423859	39.569866	-3.494845	0.8411741	1.7906216	284.06793	1e-08	1.9917834	2.8441873	128.67007	-13.922626	-0.6426642	0.0006246099	0.00061671186	0.0102392575	0.031639107	1.4008011e-05	-6.505278	0.0015028702	1.1521414e-14	-18.420683	4.1057056e-13	-1.991783	5.098832	160.75583	6903.198054075241
45	2.6843603	0.7927671	3.7677982	-1.0929725	2.5538943	1.0487022	3.7239032	-0.030631855	1.0553192	6.3010573	55.0	0.0	1.45	5.210326	25.0	0.0	127.11915	128.225	0.8808511	0.825	13295.0	0.009634057971014492	1350004.0	0.68084776	0.63360727	1.5452701	-6.2576284	0.6808442	0.63358927	1.5478619	-6.3343377	0.25981867	1.1040016	41.70728	-1.088413	0.77409834	1.9782718	283.04367	1e-08	2.0091128	3.0035188	137.83612	-13.066607	-0.9650165	0.00064052147	0.00064888864	0.013097394	0.037015315	-1.3006142e-05	-6.4996815	0.0015205455	2.182588e-14	-18.420683	3.946837e-13	-2.0091128	4.955861	5427.3438	12331.04553604126
46	2.7696223	0.66275465	3.792456	-0.37182194	2.80579	0.53672224	3.7627332	1.4435707	1.1183673	5.904536	53.0	0.0	0.975	4.263141	21.0	0.0	121.779594	105.275	0.9265306	1.0	13584.0	0.00963404255319149	1380004.0	0.6384769	0.6211138	1.5359606	-5.3421516	0.63847625	0.62110406	1.5582972	-5.1168537	0.2763488	1.0983964	41.917767	-0.99652547	0.7814504	1.7509048	229.06493	1e-08	1.9923774	2.926188	146.28017	-11.094201	-0.6343022	0.0006629748	0.0006701096	0.012616041	0.03745399	1.4453673e-05	-6.446606	0.0015931422	1.2705907e-14	-18.420683	3.7872526e-13	-1.9923774	5.1042175	162.24922	12492.829823255539
47	2.798047	0.595008	3.7669601	-0.09152999	2.6086297	0.80571383	3.7548907	0.12923373	1.3242188	5.4801097	45.0	0.0	0.0	0.0	0.0	0.0	117.80859	123.625	0.93359375	0.85	13908.0	0.009658333333333333	1410004.0	0.6499836	0.6111599	1.4606186	-5.5140734	0.6499657	0.6111686	1.4910536	-5.2091055	0.30586007	1.0690062	35.15644	-2.4116457	0.79103774	1.9066341	166.31175	1e-08	2.0039122	2.8575003	108.700424	-12.420083	-0.7030406	0.00066693546	0.0006651053	0.01105456	0.035323694	-4.461204e-06	-6.3996925	0.0016708681	1.3046982e-14	-18.420683	3.6638924e-13	-2.0039122	5.0049124	163.57767	12656.403983354568
48	2.8830287	0.5277936	3.8038135	0.45349675	2.9362648	0.53066933	3.7341032	1.429708	0.024	0.3787136	6.0	0.0	0.0	0.0	0.0	0.0	120.056	111.6	0.94	0.95	13914.0	0.00946530612244898	1440004.0	0.68679065	0.5965765	1.5426848	-4.947685	0.6867896	0.5965649	1.5421702	-4.9824014	0.32503104	1.1090825	39.447845	-4.159937	0.83267784	2.1528864	187.46063	1e-08	1.9854188	2.846183	134.41841	-11.960974	-0.45150724	0.0005068747	0.0005096425	0.010521682	0.034977492	2.2610677e-05	-6.56793	0.0014161915	6.1041116e-15	-18.420683	3.5807907e-13	-1.9854184	5.0804143	161.35283	12817.777687311172
49	2.898301	0.5063368	3.7651818	0.10492914	2.9054055	0.44173184	3.7228904	2.0824137	0.25468165	2.2772949	28.0	0.0	1.25	5.0977936	30.0	0.0	112.49064	106.175	0.9588015	0.975	13982.0	0.009321333333333333	1470004.0	0.7661949	0.59712857	1.5655271	-3.9931571	0.7662009	0.5971194	1.55562	-4.074143	0.22629876	1.2185686	41.513023	-22.944721	0.923694	2.1142833	115.48237	5.951549e-07	2.0003824	2.7621589	128.44418	-13.994355	-0.30672812	0.0004737842	0.00047590374	0.012320964	0.03612011	1.8006886e-06	-6.614857	0.0013525218	3.0215563e-15	-18.420683	3.5494944e-13	-2.0003822	5.0817213	164.57413	12982.32099866867
50	2.869029	0.5178718	3.7574286	0.6314521	2.7613184	0.53163993	3.7380831	1.4236982	0.4148148	2.873597	25.0	0.0	0.4	2.4979994	16.0	0.0	111.296295	98.875	0.962963	0.975	14094.0	0.009211764705882353	1500004.0	0.8302181	0.5881754	1.5807182	-5.1150584	0.830217	0.58816826	1.578711	-5.059637	0.14972188	1.2238814	42.36837	-2.752155	0.93095034	1.9351581	153.65465	2.0146413e-08	1.9976003	2.7234132	119.15197	-14.045032	-0.39383057	0.00040952952	0.0004110353	0.010925183	0.034428235	4.247362e-06	-6.680761	0.0012621717	2.3441298e-15	-18.420683	3.5259084e-13	-1.9976003	5.003665	165.39027	13147.67131447792
51	2.8279777	0.47572005	3.7936766	1.4450538	2.9159179	0.55624187	3.727127	1.4406103	0.0	0.0	0.0	0.0	0.0	0.0	0.0	0.0	106.92857	110.325	0.95714283	0.975	14094.0	0.009034615384615384	1530004.0	0.8810657	0.58329034	1.6124629	-8.318125	0.8810666	0.5832807	1.6076685	-8.392706	0.113070376	1.0959634	40.464867	-14.9895	0.9096882	1.4602743	119.170044	1e-08	1.9995456	2.7417967	132.35085	-13.154325	-0.5431514	0.00041327503	0.00041592756	0.009527317	0.030312179	1.6890168e-06	-6.708924	0.0012252552	1.9602333e-15	-18.420683	3.5035497e-13	-1.9995456	5.107374	168.87079	13316.644975423813
52	2.8728418	0.51249415	3.7688205	0.16382763	2.8820436	0.496204	3.7563813	1.517112	0.094545454	1.1046051	13.0	0.0	0.925	4.0705495	21.0	0.0	109.112724	106.35	0.9490909	0.95	14120.0	0.008880503144654089	1560004.0	0.89717585	0.59498394	1.6225518	-11.045196	0.8971737	0.5949738	1.6256626	-11.596249	0.13982391	0.9798753	42.49346	-4.742306	0.830237	1.2283539	125.86347	1e-08	2.009104	2.7603228	125.10401	-12.864438	-0.75648636	0.0005207858	0.00052998564	0.009561614	0.025850412	-1.1094353e-05	-6.6417418	0.0013099038	4.879585e-15	-18.420683	3.4815846e-13	-2.009104	5.0318646	165.96442	13482.540487766266
53	2.8780518	0.47894177	3.7505257	0.2728549	2.7572331	0.59844804	3.7503362	1.4220856	0.2706767	3.153057	42.0	0.0	0.0	0.0	0.0	0.0	112.59399	108.025	0.96240604	0.95	14192.0	0.008760493827160494	1590004.0	0.88214564	0.60893834	1.637814	-10.564471	0.8821395	0.6089455	1.6329561	-10.24153	0.20664108	0.9198384	39.572803	-1.3375224	0.73392695	1.3368645	147.12376	1e-08	1.9937644	2.686273	120.10135	-11.543835	-0.98697525	0.0005909073	0.00058760185	0.009183067	0.023839477	1.0421499e-05	-6.580341	0.001395352	9.83464e-15	-18.420683	3.4167471e-13	-1.9937644	5.0222635	163.21927	13645.87659573555
54	2.8649998	0.44449484	3.8152916	1.4760712	2.9505615	0.41895837	3.7390838	2.024744	0.6863469	3.7722719	31.0	0.0	1.95	6.9063373	30.0	0.0	110.734314	113.75	0.9704797	0.925	14378.0	0.008713939393939394	1620004.0	0.8653507	0.60615915	1.6047792	-6.817736	0.8653474	0.60616267	1.61328	-6.9261584	0.24372756	0.90521926	36.768513	-1.355399	0.6823112	1.644316	199.93803	1.9588606e-08	1.998932	2.5765653	95.843796	-11.817919	-0.98324716	0.0004714019	0.0004718778	0.009621953	0.024181271	2.8721258e-06	-6.5682116	0.0014093424	9.8469825e-15	-18.420683	3.3373787e-13	-1.998932	5.049426	163.65756	13809.495877742767
55	2.8293362	0.5261129	3.7835612	0.42604855	2.7500153	0.43877548	3.6124508	1.785738	0.5	3.6744866	41.0	0.0	0.0	0.0	0.0	0.0	111.01111	105.375	0.9592593	0.925	14513.0	0.008638690476190477	1650004.0	0.8589854	0.61146015	1.6064087	-4.9913635	0.8589783	0.61145574	1.6114811	-4.99504	0.2572621	0.977461	35.202026	-9.988869	0.7010458	2.2977211	243.85548	1e-08	2.0014446	2.6843717	102.32091	-12.065498	-0.8537413	0.0003851477	0.00039145516	0.010408378	0.027187422	-2.959763e-07	-6.5546455	0.0014282707	8.3573725e-15	-18.420683	3.2659427e-13	-2.0014446	4.969212	163.90025	13973.52724313736
56	2.80764	0.57850707	3.763243	0.96719646	2.8929448	0.4969199	3.765773	1.5578033	0.05078125	0.81091154	13.0	0.0	0.0	0.0	0.0	0.0	117.47656	106.0	0.9296875	1.0	14526.0	0.008494736842105263	1680004.0	0.8698581	0.6023544	1.6111368	-5.1410933	0.8698594	0.60234	1.6225861	-5.381168	0.24470684	0.98810655	38.704933	-7.9080963	0.7610063	1.9691368	216.08751	1e-08	1.9942381	2.761415	132.37251	-12.273872	-0.85519224	0.00040047822	0.0004024206	0.009108996	0.026657552	8.707479e-06	-6.521627	0.0014776187	8.327692e-15	-18.420683	3.1964294e-13	-1.9942383	5.1096206	163.00359	14136.275149583817
57	2.8919926	0.5092077	3.7701573	0.4007282	2.896326	0.34302446	3.5044467	2.2979586	0.0	0.0	0.0	0.0	0.0	0.0	0.0	0.0	110.937035	104.225	0.96666664	1.0	14526.0	0.008348275862068965	1710004.0	0.89904386	0.586646	1.5969988	-7.0991964	0.89904505	0.5866376	1.6060569	-6.9760103	0.20144449	0.89117724	38.51588	-3.231025	0.93452644	2.0743675	216.05661	1e-08	1.9998261	2.616625	135.50551	-13.821605	-0.78064126	0.00039302625	0.00039394255	0.009187511	0.023781698	1.4965901e-06	-6.6627874	0.0012835566	6.1209925e-15	-18.420683	3.1461801e-13	-1.9998261	5.1242027	163.73334	14300.040383577347
58	2.8787086	0.43777785	3.759506	1.426963	2.908441	0.47872564	3.6919258	1.5063068	0.34065935	2.763789	28.0	0.0	0.0	0.0	0.0	0.0	109.827835	104.25	0.970696	1.0	14619.0	0.008259322033898306	1740004.0	0.9190884	0.58799255	1.6133063	-6.874045	0.9190902	0.58798784	1.6122986	-6.769617	0.18474112	0.83852714	34.502472	-3.4515014	0.9675029	1.9616569	205.24678	1e-08	2.0062015	2.6381164	158.92741	-12.745125	-0.79986906	0.00040095046	0.00039986343	0.008954164	0.022084452	-6.5984254e-06	-6.6642547	0.001284227	5.5550924e-15	-18.420683	3.0996438e-13	-2.0062015	5.112626	163.57028	14463.618605852127
59	2.9262314	0.4599151	3.7911303	1.504461	2.9676902	0.41816247	3.7473757	2.1127732	0.21268657	2.0377746	23.0	0.0	0.7	3.2496152	19.0	0.0	112.156715	109.05	0.9701493	1.0	14676.0	0.008153333333333334	1770004.0	0.92965275	0.5750783	1.6211699	-6.2464533	0.92965007	0.57508636	1.6310626	-6.406558	0.19719832	0.74377066	38.067734	-2.6990705	0.8819949	1.8860197	181.68353	1e-08	1.9956999	2.5780418	123.70332	-16.224226	-0.8723161	0.00038398543	0.00038019283	0.008022499	0.017740926	7.0834035e-06	-6.613976	0.0013466416	5.388327e-15	-18.420683	3.062681e-13	-1.9956999	5.1184974	164.98474	14628.588884592056
60	2.8996673	0.45693067	3.8156168	1.4160602	2.9330342	0.45435497	3.749338	1.6765285	1.8108108	7.4153476	56.0	0.0	1.85	6.574762	29.0	0.0	115.301155	116.325	0.96525097	0.975	15145.0	0.008275956284153006	1800004.0	0.93324685	0.5546127	1.6232631	-9.418839	0.9332506	0.55460995	1.6313592	-8.607812	0.27709073	0.70602226	31.304262	-1.8521447	0.7581004	2.0915012	225.60434	1e-08	1.9942813	2.583918	134.87915	-13.814854	-0.98541564	0.00037719193	0.00036777195	0.0070883185	0.015110086	8.424882e-06	-6.640881	0.001311499	6.870644e-15	-18.420683	3.0171582e-13	-1.9942815	5.125411	161.33049	14790.331147193909
61	2.6357942	0.77704453	3.732496	-0.21329983	2.3300397	0.80555606	3.6458936	0.40024155	8.406542	20.509586	100.0	0.0	21.25	30.355188	107.0	0.0	139.56075	160.625	0.7990654	0.675	17009.0	0.009144623655913979	1830004.0	0.87485087	0.5194263	1.5927219	-7.095095	0.8748463	0.5194208	1.5931756	-7.4819736	0.42267063	0.8685022	29.973454	-1.6644824	0.6355837	2.2907677	253.71584	1e-08	2.0060768	2.759521	118.85083	-12.588528	-1.3254526	0.00033626403	0.00033685277	0.008280803	0.022433512	-5.6387116e-06	-6.597103	0.0013699682	1.6915692e-14	-18.420683	2.9391057e-13	-2.006077	4.9778004	156.8573	14947.060203552246
62	2.0872324	1.0169996	3.7101219	-0.22359799	2.3282208	1.1220232	3.7553613	-0.24237327	7.5164833	18.905703	118.0	0.0	1.4	6.1188235	30.0	0.0	166.87363	134.5	0.6098901	0.75	18312.0	0.00968888888888889	1860004.0	0.70917267	0.53371906	1.5213982	-8.219308	0.7091768	0.5336794	1.5182414	-9.165878	0.63860834	1.0476644	36.50526	-1.7153988	0.59190965	2.8539968	272.85733	1e-08	1.9992628	3.028721	125.75649	-13.060279	-0.94633406	0.00049272535	0.00050896354	0.009390331	0.030843684	3.1205466e-06	-6.6165843	0.0013525661	1.5344791e-14	-18.420683	2.8125465e-13	-1.9992629	4.8894973	154.03067	15100.796595811844
63	2.4353173	0.92729443	3.7772386	-0.04827511	2.648452	0.6656165	3.7011182	0.44437632	1.1422222	5.9775314	51.0	0.0	0.0	0.0	0.0	0.0	132.80444	120.0	0.79555553	0.85	18569.0	0.009671354166666667	1890004.0	0.59657437	0.564986	1.4008263	-6.1204395	0.59657943	0.5649396	1.4126854	-5.46736	0.71439934	1.1181266	31.51607	-2.31183	0.61086273	3.216125	266.95184	1e-08	2.0085769	3.2965794	152.32335	-13.103804	-0.5728346	0.00060373486	0.00062361226	0.010436993	0.036594175	-1.0704297e-05	-6.589736	0.0013925431	1.0567765e-14	-18.420683	2.7308272e-13	-2.0085769	4.9960647	159.5418	15260.533198356628
64	2.7460973	0.7251647	3.732973	-0.025155216	2.8793774	0.53880244	3.7179418	1.413633	0.29249012	2.7363431	31.0	0.0	0.0	0.0	0.0	0.0	119.011856	105.85	0.90909094	1.0	18643.0	0.009560512820512821	1920004.0	0.6564157	0.62678015	1.4776628	-8.515803	0.6564136	0.62669784	1.5557054	-8.34299	0.48180598	1.0960814	32.552837	-3.0272155	0.93633837	3.4606724	301.61246	1e-08	1.9973412	2.9930472	125.91931	-12.6647	-0.32609653	0.0008233346	0.00086582685	0.010459742	0.035922226	5.916391e-06	-6.492865	0.0015296661	5.174924e-15	-18.420683	2.6828466e-13	-1.9973412	5.115871	162.16681	15422.50222826004
65	2.8631215	0.5115159	3.7949677	1.2192672	2.8383763	0.6055036	3.643846	0.46379727	0.0	0.0	0.0	0.0	0.0	0.0	0.0	0.0	112.552635	118.4	0.9699248	0.975	18643.0	0.009415656565656566	1950004.0	0.75069386	0.65536255	1.560341	-10.14487	0.7506865	0.65528303	1.5657704	-10.434593	0.30821493	1.0019319	34.261185	-3.4624462	1.0270076	3.4717808	256.689	1e-08	1.9937682	2.7855985	112.66382	-12.565482	-0.4603534	0.0009723259	0.0010206292	0.010774498	0.031271275	1.2684318e-05	-6.483716	0.0015423095	4.661166e-15	-18.420683	2.649389e-13	-1.9937685	5.1688833	163.5112	15586.030163049698
66	2.8089547	0.54106957	3.754769	0.42527154	2.6579013	0.7923625	3.6987357	0.48166296	0.37867647	2.7970545	25.0	0.0	0.625	3.9031239	25.0	0.0	109.91912	109.175	0.94485295	0.9	18746.0	0.00932636815920398	1980004.0	0.8170534	0.63342226	1.6152434	-6.986504	0.81705105	0.63338983	1.6002129	-7.719461	0.23126224	1.053172	34.254925	-3.614266	0.96139914	3.9543161	345.17462	1e-08	1.9985474	2.7533252	127.59436	-13.58392	-0.46838245	0.00077210594	0.0007947637	0.010305904	0.03022988	3.7356526e-06	-6.524374	0.0014744466	3.4862015e-15	-18.420683	2.6271132e-13	-1.9985476	5.022297	167.18983	15753.228538036346
67	2.7460313	0.56215423	3.8071346	0.4343022	2.938953	0.4350611	3.7091303	2.2039895	0.3956044	5.84202	96.0	0.0	2.65	7.6372447	34.0	0.0	109.45788	116.7	0.92673993	0.975	18854.0	0.009242156862745097	2010004.0	0.8453426	0.636098	1.5829793	-8.093653	0.84533346	0.63605523	1.586718	-7.822674	0.2386496	1.2202444	37.779133	-3.8425198	0.8408193	3.7636704	378.98935	1e-08	2.0038395	2.631204	91.49789	-12.171727	-0.7978229	0.0007958662	0.0008201469	0.011962445	0.036008894	-4.0500754e-06	-6.3935385	0.0016890831	9.65856e-15	-18.420683	2.5906295e-13	-2.0038395	5.0558558	163.67107	15916.958867788315
68	2.5751996	0.8558546	3.7618678	0.042301763	2.583812	0.982143	3.6643333	0.014315827	2.165975	7.5521317	44.0	0.0	1.275	7.9623723	51.0	0.0	125.13278	132.375	0.8547718	0.85	19376.0	0.009360386473429952	2040004.0	0.7622884	0.66647816	1.5468749	-7.8977017	0.76228553	0.66645694	1.5546238	-8.037251	0.30827382	1.3413202	39.08453	-4.1445727	0.7098781	3.1104102	388.85028	1e-08	2.002173	2.7689655	95.05202	-13.287944	-1.159532	0.0008052267	0.0008172984	0.0126333805	0.042718418	-1.6834239e-06	-6.2281413	0.0019911942	1.8646736e-14	-18.420683	2.4990147e-13	-2.0021732	5.027571	162.22903	16079.10426568985
69	2.6960778	0.6652258	3.7574613	-0.059341196	2.8548188	0.59595066	3.6508229	0.12869802	1.0983607	4.692879	31.0	0.0	0.2	1.2489997	8.0	0.0	122.67623	111.9	0.897541	0.975	19644.0	0.009354285714285714	2070004.0	0.6757038	0.68196636	1.5066874	-7.4233294	0.6757042	0.68193656	1.503598	-7.4550433	0.37791014	1.3636124	37.020004	-2.9260721	0.77919596	2.8590362	304.7776	1e-08	1.9916447	3.0105407	125.8161	-11.079206	-0.7528824	0.000965733	0.0009806993	0.014146997	0.046057373	1.547869e-05	-6.442023	0.0016234084	1.32446815e-14	-18.420683	2.4033165e-13	-1.9916447	5.108141	162.76508	16242.024706602097
70	2.2141247	1.1850837	3.7472346	-1.1888378	2.3366642	1.1605641	3.647708	-0.9742479	0.47926268	3.0207856	30.0	0.0	1.725	6.3284574	32.0	0.0	138.35023	147.025	0.7419355	0.725	19748.0	0.009271361502347418	2100004.0	0.6161749	0.6904976	1.5121876	-8.3231325	0.6161666	0.69049907	1.5163548	-8.369274	0.42884478	1.3204213	38.50782	-6.9664793	0.9991965	3.2589946	209.7818	1e-08	1.9868795	3.3099577	139.21785	-13.891354	-0.70224947	0.0010933039	0.001094975	0.012540035	0.04280131	2.148815e-05	-6.5221705	0.0015243567	1.5480311e-14	-18.420683	2.3229278e-13	-1.9868791	4.9645886	157.43661	16399.553620815277
71	2.538338	0.9386407	3.7783635	-0.8013538	2.8441772	0.33742642	3.542969	2.1408746	1.09375	6.4562507	59.0	0.0	0.0	0.0	0.0	0.0	134.22322	104.125	0.79910713	0.975	19993.0	0.00925601851851852	2130004.0	0.55920637	0.7146537	1.5988657	-7.627106	0.5592117	0.71460754	1.6038687	-7.3752036	0.37713215	1.3169678	34.503475	-7.053543	1.1494352	3.441456	227.52562	1e-08	2.012884	3.304916	95.40715	-11.346676	-0.11485384	0.0010111826	0.0010310557	0.01255774	0.04050447	-2.0412497e-05	-6.2232656	0.0020259093	7.2743494e-15	-18.420683	2.2559542e-13	-2.0128841	5.0340257	159.36166	16558.714423656464
72	2.7809637	0.6388446	3.7871995	0.1770951	2.8823426	0.36419606	3.591485	2.1479933	0.88475835	6.0288734	54.0	0.0	0.0	0.0	0.0	0.0	111.26022	104.675	0.936803	1.0	20231.0	0.009237899543378995	2160004.0	0.61765254	0.71040016	1.5850667	-10.046527	0.6176508	0.71036917	1.5918484	-9.515373	0.2593037	1.2472839	36.417744	-2.6952033	1.1028749	3.1936228	188.08212	1e-08	1.9940091	2.6916678	100.6454	-14.739268	-0.44669694	0.0008598577	0.00087804924	0.012317461	0.0367177	1.6059717e-05	-6.0739465	0.0023269448	9.202944e-15	-18.420683	2.2175008e-13	-1.9940091	5.1060896	162.06125	16720.834656476974
73	2.6570055	0.8097979	3.7427642	-0.088373095	2.7605293	0.63378686	3.6056402	0.06029787	1.6065574	7.044423	64.0	0.0	1.45	5.03463	28.0	0.0	123.19262	127.825	0.8893443	0.975	20623.0	0.00928963963963964	2190004.0	0.6841049	0.70290685	1.5773715	-8.042528	0.6841081	0.7028727	1.5866061	-8.1802225	0.25376096	1.2231879	38.731083	-2.1652737	1.0237534	3.0952559	201.4469	1e-08	1.9953674	2.9496293	109.13158	-12.288213	-0.7363796	0.0008429092	0.0008637837	0.012974338	0.038835835	1.1126033e-05	-6.315819	0.0018190962	1.16490595e-14	-18.420683	2.1626231e-13	-1.9953674	5.249794	160.22906	16880.97143793106
74	2.5935755	0.8566641	3.7981002	-0.5916804	2.855564	0.63169724	3.7038672	0.45249432	1.6333333	7.208714	78.0	0.0	0.0	0.0	0.0	0.0	125.57917	110.2	0.82916665	0.975	21015.0	0.00934	2220004.0	0.66697526	0.70894504	1.5819451	-14.483871	0.6669768	0.7088948	1.5885953	-15.444429	0.27372214	1.2505335	41.041782	-2.1612873	1.0036603	3.5294435	235.15794	1e-08	2.015723	3.2184165	109.31558	-12.019366	-0.6765965	0.0011490682	0.0011739952	0.01367335	0.041228708	-3.9983017e-05	-6.332641	0.0018326945	1.14753245e-14	-18.420683	2.0992266e-13	-2.0157232	5.1246386	159.53134	17040.663580179214
75	2.794306	0.5851016	3.8043995	0.3597245	2.7692947	0.5481753	3.5368066	0.9326864	0.17578125	2.8070014	45.0	0.0	0.0	0.0	0.0	0.0	116.32422	113.075	0.90234375	0.9	21060.0	0.009236842105263158	2250004.0	0.62623006	0.68715847	1.5547276	-11.261427	0.6262298	0.6871476	1.5483916	-11.2670555	0.22712447	1.2525883	36.748043	-3.316575	1.1163081	3.8680265	235.44934	1e-08	1.9774234	3.1093922	103.84742	-15.357141	-0.28727266	0.0009908448	0.0009957266	0.012908023	0.03949953	5.9153812e-05	-6.251201	0.0019456964	6.2602164e-15	-18.420683	2.0590593e-13	-1.9774234	4.9509153	163.73737	17204.55454683304
76	2.780225	0.5557701	3.7521908	0.5902953	2.9200606	0.40398392	3.724636	2.2232933	0.24427481	3.6499326	59.0	0.0	0.075	0.46837482	3.0	0.0	114.721375	113.175	0.9045802	1.0	21124.0	0.009144588744588745	2280004.0	0.6856501	0.65370023	1.5484259	-9.874848	0.6856488	0.6536535	1.5671806	-10.098245	0.23388916	1.3187516	38.478615	-2.788556	1.1182854	3.8719003	267.81552	1e-08	1.9902682	2.8310535	78.69557	-12.934044	-0.34908465	0.00080383994	0.00082687236	0.0135593265	0.038283136	2.1333733e-05	-6.3555593	0.0017557247	7.151321e-15	-18.420683	2.0259447e-13	-1.9902681	5.1639643	164.3022	17368.542341947556
77	2.8302464	0.6699544	3.772068	0.24560685	2.77416	0.81642026	3.66316	0.23237804	0.29113925	2.3320472	23.0	0.0	0.0	0.0	0.0	0.0	126.55696	120.175	0.9198312	0.9	21193.0	0.009056837606837606	2310004.0	0.7214761	0.6091602	1.5466418	-5.8745666	0.72148436	0.60912716	1.542071	-5.753427	0.22333889	1.3311578	39.09752	-2.933467	1.0495828	3.7834666	319.38306	1e-08	1.9913571	3.021124	104.2413	-11.580136	-0.42213705	0.0006334499	0.0006389039	0.013520045	0.03835901	1.6172045e-05	-6.392041	0.0016847647	6.9765212e-15	-18.420683	1.9903487e-13	-1.9913572	5.0391064	161.12769	17529.902156352997
78	2.8264215	0.599952	3.7817137	-0.09634976	2.768328	0.51980346	3.610244	1.4253002	0.9918033	4.682538	33.0	0.0	2.975	7.8182077	31.0	0.0	122.70082	120.025	0.94262296	0.9	21465.0	0.009056962025316456	2340004.0	0.74343413	0.58308595	1.4738549	-6.140459	0.74344164	0.58306557	1.4792373	-5.984441	0.23102494	1.3373877	39.545067	-2.5538063	0.98305416	3.221508	296.71094	1e-08	2.007298	2.8469946	85.50379	-12.555502	-0.7958295	0.00061087444	0.00060334144	0.013329838	0.04012077	-8.804455e-06	-6.2558804	0.0019390561	1.0905764e-14	-18.420683	1.9499188e-13	-2.007298	5.025526	160.9906	17690.689648151398
79	2.7237587	0.7364761	3.7508914	-0.12790084	2.9306571	0.6676975	3.7529593	0.10308909	1.1807228	6.3848677	73.0	0.0	0.0	0.0	0.0	0.0	121.09638	119.475	0.8875502	0.95	21729.0	0.00905375	2370004.0	0.7465232	0.5765265	1.5764906	-7.8633757	0.74653643	0.57647175	1.5486358	-8.487906	0.2812194	1.2315842	34.971233	-3.3747253	1.0394001	4.1567316	402.76257	1e-08	1.986085	3.0525548	93.42105	-11.760113	-0.6290771	0.0007968161	0.0008121868	0.012767959	0.036262598	2.465256e-05	-6.40218	0.0016847872	8.217788e-15	-18.420683	1.9033122e-13	-1.9860852	5.1615133	162.73447	17853.38368654251
80	2.8528686	0.50998497	3.790696	1.4245602	2.9892533	0.47198695	3.6152096	1.4176108	0.0	0.0	0.0	0.0	0.0	0.0	0.0	0.0	113.13585	114.05	0.954717	0.975	21729.0	0.008941975308641976	2400004.0	0.7494767	0.5908131	1.5832812	-11.883053	0.74948287	0.5907914	1.5834177	-11.727226	0.29504395	1.1838921	40.109837	-3.7706337	1.0606291	5.1941304	429.98715	1e-08	1.9953058	3.0906518	100.31638	-15.736132	-0.47979373	0.0008449211	0.0008378966	0.01199038	0.034110144	8.284972e-06	-6.549527	0.001442282	5.991339e-15	-18.420683	1.8701001e-13	-1.9953058	5.137979	164.66211	18018.15219426155
81	2.868386	0.49528652	3.8131135	0.7106435	2.73604	0.45450908	3.7465076	1.4900261	0.0	0.0	0.0	0.0	0.0	0.0	0.0	0.0	107.92058	104.3	0.9783394	0.9	21729.0	0.008832926829268293	2430004.0	0.80872643	0.6054533	1.6117598	-11.393865	0.8087258	0.60544896	1.6300892	-10.50219	0.23870346	1.2525765	34.66848	-3.4246635	1.1546011	4.6158524	410.02332	1e-08	2.00343	3.0383272	99.997505	-13.279345	-0.18892235	0.00082121335	0.000825569	0.012230742	0.03628702	-2.1539927e-06	-6.4553056	0.0015909051	1.946837e-15	-18.420683	1.8542957e-13	-2.0034301	4.9318666	171.55356	18189.622495174408
82	2.9076586	0.472683	3.777843	1.4297868	2.8989277	0.40822735	3.724159	2.1661832	0.0	0.0	0.0	0.0	0.3	1.8734993	12.0	0.0	111.4403	104.95	0.9477612	1.0	21729.0	0.008726506024096385	2460004.0	0.85845774	0.6173618	1.6365018	-12.130184	0.85845006	0.61736196	1.6493051	-12.003065	0.20465775	1.2774508	35.466003	-3.7855797	1.0154247	3.2908056	286.08017	1e-08	1.9978893	2.8752544	81.1479	-12.960219	-0.36969537	0.00068991125	0.00068979425	0.013306494	0.039107535	4.8099578e-06	-6.456038	0.0015790985	2.5201113e-15	-18.420683	1.8456571e-13	-1.9978893	5.1302524	164.99869	18354.66330766678
83	2.8123052	0.52177936	3.7618394	0.07183126	2.87708	0.4021704	3.7654386	2.274283	0.49819493	7.534577	125.0	0.0	0.0	0.0	0.0	0.0	108.54874	104.825	0.9711191	1.0	21867.0	0.008677380952380952	2490004.0	0.8834072	0.6198245	1.6317093	-12.513617	0.8833996	0.61982304	1.6231439	-12.663937	0.22552009	1.21327	37.808876	-4.601924	0.8264418	2.1705136	199.75752	1e-08	2.000438	2.826532	95.87114	-12.47241	-0.7059241	0.00055385684	0.0005681329	0.012271234	0.038678702	6.705582e-07	-6.41514	0.0016452034	4.6746114e-15	-18.420683	1.8283647e-13	-2.000438	5.0872736	167.42197	18522.008675575256
84	2.8616989	0.55608875	3.81533	1.2882372	2.9478786	0.463056	3.71298	2.0149632	0.39207047	3.101872	40.0	0.0	0.0	0.0	0.0	0.0	132.65639	127.45	0.938326	0.95	21956.0	0.008610196078431373	2520004.0	0.86760706	0.578771	1.6115096	-14.372053	0.86759835	0.57874876	1.6171674	-14.294184	0.2768983	1.2819966	37.890205	-4.6667566	0.71069986	2.2834103	217.85202	1e-08	2.000103	2.9782	91.551155	-14.582641	-0.9970651	0.00053493265	0.0005432911	0.013130542	0.040078066	1.6455174e-06	-6.5507755	0.001441297	9.105043e-15	-18.420683	1.8015068e-13	-2.000103	5.109229	160.97874	18683.09215283394
85	2.61643	0.684195	3.6901393	0.24770834	2.7510922	0.68534315	3.717618	0.49709848	3.398148	13.726792	111.0	0.0	2.4	6.5566764	28.0	0.0	137.82408	130.225	0.8611111	0.925	22714.0	0.008803875968992248	2550004.0	0.7618321	0.5484463	1.555956	-16.05073	0.76182264	0.54842	1.5593351	-15.942341	0.48762754	1.5065951	36.436363	-3.3880959	0.56043035	2.4431062	206.92192	1e-08	2.0001757	3.0582967	117.41204	-13.084958	-0.9359514	0.0006028241	0.00061477674	0.014728689	0.050181214	2.0220439e-06	-6.3164625	0.0018527393	1.1403297e-14	-18.420683	1.7560382e-13	-2.0001755	5.1908855	157.727	18840.727546691895
86	2.781161	0.5634083	3.7801301	0.5939226	2.8781025	0.5398408	3.6094348	1.3398452	0.50416666	2.9762928	28.0	0.0	0.0	0.0	0.0	0.0	126.35	111.95	0.8958333	0.95	22811.0	0.008739846743295018	2580004.0	0.6471293	0.54058194	1.4837848	-13.078175	0.6471379	0.54054564	1.4997708	-12.394238	0.51577467	1.4301556	38.009262	-5.06649	0.6688349	2.5673378	199.38649	1e-08	1.9883274	3.1575234	96.18936	-14.507509	-0.39695325	0.0006576734	0.0006596009	0.015349539	0.049043775	2.0396765e-05	-6.4236946	0.001635106	5.7110565e-15	-18.420683	1.719044e-13	-1.9883274	5.049608	162.43085	19003.22124695778
87	2.83193	0.5468562	3.7517579	0.030524263	2.918787	0.4302677	3.6517565	1.9143202	0.14453125	1.676646	23.0	0.0	0.0	0.0	0.0	0.0	116.90234	110.925	0.92578125	0.975	22848.0	0.008654545454545455	2610004.0	0.67241013	0.5639324	2.2424395	-9.602984	0.6724146	0.56389844	2.2176712	-9.014909	0.37075546	1.3888986	35.88399	-5.0349092	0.8606935	2.8027976	204.81581	1e-08	2.0071623	2.9149377	111.88086	-11.936518	-0.5931476	0.00063381495	0.000639804	0.013487539	0.04108035	-8.513942e-06	-6.351968	0.0017617441	8.084589e-15	-18.420683	1.6906915e-13	-2.0071626	5.127664	163.32922	19166.53424191475
88	2.8819535	0.5391586	3.740304	0.3524203	2.8832946	0.46022806	3.7343614	1.4179647	0.15471698	1.8000592	24.0	0.0	0.0	0.0	0.0	0.0	113.13207	108.025	0.9433962	0.95	22889.0	0.008572659176029963	2640004.0	0.7514409	0.589832	1.4477262	-8.132519	0.75143164	0.5898179	1.457871	-9.113636	0.29562917	1.3868904	39.175938	-5.794449	0.92227507	2.8924356	211.55588	1e-08	1.9965818	2.787262	98.90234	-13.992346	-0.49061826	0.0006224844	0.00063207245	0.014039422	0.039504837	7.937689e-06	-6.315418	0.0018168245	5.5528765e-15	-18.420683	1.6633568e-13	-1.9965818	4.9996414	163.6542	19330.392825841904
89	2.7947214	0.4735999	3.763459	1.4760996	2.8518028	0.40232423	3.6597643	2.2438912	0.09885932	1.132697	14.0	0.0	0.0	0.0	0.0	0.0	113.50571	111.4	0.9391635	0.925	22915.0	0.008487037037037038	2670004.0	0.8438376	0.58140415	1.5503347	-7.4653463	0.8438452	0.5813503	1.5434673	-7.1841974	0.22915685	1.4017727	41.142548	-4.962594	0.99327636	2.9018688	197.14297	1e-08	1.9915699	2.882943	99.76192	-12.440044	-0.71784794	0.0005421037	0.0005493029	0.013967903	0.040628172	1.4323189e-05	-6.5159106	0.0014923891	7.475641e-15	-18.420683	1.6394128e-13	-1.9915699	5.0509853	164.93637	19495.120129823685
90	2.464106	0.83314115	3.7436795	0.21059823	2.4925942	0.8858773	3.767793	0.14440157	0.6721992	3.6886637	29.0	0.0	0.0	0.0	0.0	0.0	125.203316	117.4	0.80912864	0.85	23077.0	0.008453113553113553	2700004.0	0.833262	0.5838302	1.5635936	-7.4991007	0.83326626	0.5837791	1.5606359	-7.153576	0.27171093	1.360911	43.235783	-4.7046194	0.84996873	2.874398	198.77493	1e-08	1.9916154	3.0441391	134.0372	-12.046264	-0.85723853	0.0005564272	0.00056767545	0.013831468	0.041602395	1.1584338e-05	-6.656096	0.0013234062	8.381263e-15	-18.420683	1.6065006e-13	-1.9916154	4.9390664	159.37599	19654.745707511902
91	2.8071024	0.5901045	3.7400389	-0.28925848	2.9088492	0.468026	3.601779	1.4471991	0.02811245	0.44271526	7.0	0.0	0.0	0.0	0.0	0.0	119.73093	106.375	0.9236948	1.0	23084.0	0.00836376811594203	2730004.0	0.7844165	0.60828733	1.5887482	-5.670318	0.78440845	0.60826445	1.5948842	-5.687301	0.31834406	1.4182074	44.24382	-4.4453936	0.769429	2.810957	177.80186	1e-08	2.010495	3.0360672	123.07365	-13.202963	-0.6747836	0.00068201957	0.0006966486	0.014033972	0.043872513	-1.3078441e-05	-6.4297085	0.0016234509	6.722247e-15	-18.420683	1.5780328e-13	-2.0104952	5.0983696	162.71118	19817.14570093155
92	2.871914	0.491762	3.7436068	0.3154255	2.6563115	0.67852247	3.725465	0.32608336	0.10583942	1.2526332	17.0	0.0	0.65	2.8420944	14.0	0.0	110.19708	115.2	0.96350366	0.925	23113.0	0.008284229390681004	2760004.0	0.80696756	0.59799516	1.5729283	-5.273823	0.8069675	0.59796005	1.5798666	-5.242654	0.28872794	1.345899	47.59384	-4.4879446	0.838095	3.345231	253.34644	1e-08	1.9926773	2.9559443	123.729576	-14.444841	-0.67990685	0.00066174543	0.00067635236	0.015096782	0.041807186	1.5652897e-05	-6.215054	0.0020185274	6.1496087e-15	-18.420683	1.554138e-13	-1.9926776	5.0266857	165.26413	19982.636729002
93	2.6896415	0.65994745	3.7786825	0.009462603	2.872643	0.4143876	3.737424	2.0548086	0.373444	3.4882073	40.0	0.0	0.0	0.0	0.0	0.0	124.18257	106.45	0.89626557	1.0	23203.0	0.008228014184397163	2790004.0	0.84066325	0.58971554	1.5962495	-5.721552	0.84066993	0.5896672	1.6176041	-5.8199716	0.29466492	1.3556603	45.125877	-4.914632	0.8797974	4.5475197	346.64087	1e-08	1.9980273	2.98167	106.959915	-12.441226	-0.8474214	0.0005953023	0.00061276375	0.016114958	0.043742668	5.0569192e-06	-6.517149	0.001492708	8.209401e-15	-18.420683	1.5276253e-13	-1.9980273	5.104371	161.47083	20143.957268714905
94	2.7455692	0.6006976	3.8076143	0.1729576	2.6803017	0.6896127	3.7057123	0.47551244	0.32128513	2.188228	21.0	0.0	2.675	10.453198	48.0	0.0	120.92771	128.55	0.91566265	0.85	23283.0	0.008169473684210527	2820004.0	0.84909016	0.57598585	1.5738213	-5.544852	0.84909517	0.5759466	1.5532416	-6.045597	0.29267368	1.3602244	46.481472	-3.2530527	0.9428424	5.345576	406.25363	1e-08	2.0003986	2.976307	110.12951	-12.101448	-0.8246102	0.0005879378	0.00059439876	0.015440029	0.04276242	8.647477e-07	-6.4869313	0.0015527097	8.119252e-15	-18.420683	1.5000953e-13	-2.0003984	5.02662	163.98816	20308.127722024918
95	2.636338	0.6533531	3.739758	0.18618608	3.0716348	0.4636703	3.7501183	1.9773946	0.76651984	4.202278	37.0	0.0	0.25	1.1124297	6.0	0.0	131.55948	120.2	0.8634361	1.0	23457.0	0.008144791666666666	2850004.0	0.8189681	0.59230566	1.5925953	-7.3491354	0.8189659	0.5922644	1.5727047	-6.9712915	0.28292537	1.3336638	41.547436	-3.2878342	0.9821328	5.03808	372.19913	1e-08	2.0028434	3.1294389	111.407745	-12.610949	-0.8540562	0.0006880934	0.0007020123	0.015224728	0.041203327	-3.3601264e-06	-6.4058967	0.0016672153	8.695228e-15	-18.420683	1.4663662e-13	-2.0028434	5.27217	161.31589	20469.30541729927
96	2.6670384	0.7046372	3.7298286	-0.036470935	2.7429101	0.6274273	3.6958995	0.005430116	1.3293651	5.960073	43.0	0.0	4.675	9.403158	34.0	0.0	119.24603	104.8	0.8769841	0.95	23792.0	0.008175945017182131	2880004.0	0.81227654	0.57636863	1.5604119	-5.4284205	0.81228787	0.5763127	1.5438395	-4.682717	0.38623068	1.3025577	42.73648	-4.9476814	0.9391835	4.838559	369.73373	1e-08	1.9989153	3.1376204	114.6655	-12.924242	-0.7202311	0.00066242676	0.00066897215	0.01457159	0.04076839	4.020874e-06	-6.301419	0.0018562432	7.048459e-15	-18.420683	1.4408253e-13	-1.9989153	5.0256853	163.84187	20633.18754673004
97	2.602649	0.77857083	3.769104	-0.32844007	1.8353283	1.0788641	3.3947551	0.21314457	2.2677824	9.784468	110.0	0.0	1.0	3.748333	20.0	0.0	124.82845	159.5	0.8535565	0.5	24373.0	0.00829013605442177	2910004.0	0.7967191	0.5722048	1.5041451	-5.5412903	0.7967202	0.5722005	1.5118144	-5.9870534	0.5109802	1.2988582	46.87346	-4.9944124	0.89349395	4.1994596	327.8546	1e-08	1.9924786	3.0489273	100.6488	-12.135018	-0.81811035	0.0006919799	0.0006930523	0.01455573	0.043267522	1.5191585e-05	-6.395125	0.0016816093	8.295037e-15	-18.420683	1.4132403e-13	-1.9924786	4.670637	162.06776	20795.240513801575
98	2.4205196	0.8318276	3.7801588	-0.13565877	2.187698	0.97867554	3.584553	0.28334457	1.4151785	5.381179	39.0	0.0	0.0	0.0	0.0	0.0	135.16965	142.775	0.7410714	0.675	24651.0	0.0083	2940004.0	0.7620382	0.5572844	1.4882284	-5.993424	0.76204485	0.55726045	1.4861416	-5.549399	0.49529564	1.370904	39.808155	-5.045698	0.9731132	3.9763408	291.55978	1e-08	2.0099242	3.3848622	108.641136	-12.677179	-0.46620053	0.00067606	0.00067022245	0.0150833065	0.045165144	-1.7936081e-05	-6.4195046	0.0016396006	5.7798043e-15	-18.420683	1.3901616e-13	-2.009924	4.85161	160.37456	20955.655566215515
99	2.7959313	0.5878872	3.7529452	0.53724045	2.8198907	0.5218575	3.5739982	1.5365316	0.064257026	0.66154224	9.0	0.0	0.0	0.0	0.0	0.0	120.425705	108.925	0.9116466	0.95	24667.0	0.008222333333333333	2970004.0	0.72461814	0.5531394	1.59177	-6.56492	0.724617	0.5531256	1.5933251	-6.5417113	0.3194998	1.294633	44.714283	-4.672023	1.0789814	3.6492982	297.57956	1e-08	1.975134	3.399666	111.7486	-12.606206	-0.35193986	0.0006470281	0.00065273035	0.013575158	0.04116718	4.4640765e-05	-6.451246	0.0016011456	4.0686503e-15	-18.420683	1.373928e-13	-1.9751339	5.013317	161.84937	21117.984164476395
