Epoch	AverageEpRet	StdEpRet	MaxEpRet	MinEpRet	AverageTestEpRet	StdTestEpRet	MaxTestEpRet	MinTestEpRet	EpLen	TestEpLen	EpGoals	TestEpGoals	TotalEnvInteracts	AverageQR1Vals	StdQR1Vals	MaxQR1Vals	MinQR1Vals	AverageQR2Vals	StdQR2Vals	MaxQR2Vals	MinQR2Vals	AverageLogPi	StdLogPi	MaxLogPi	MinLogPi	LossPi	LossQR1	LossQR2	LossAlpha	LogAlpha	Alpha	PiEntropy	TestTime	EpochTime	TotalTime
1	-0.96439254	0.32793915	-0.23283422	-3.54381	-1.6173317	1.8866992	2.8923638	-3.9465933	171.14943	162.9	0.0	0.075	30004.0	4.376504	1.7368519	6.5018005	-3.7113113	4.424029	1.6279898	6.4097567	-4.7389293	-1.238105	0.6689043	16.773594	-8.3796425	-4.5455384	0.07855647	0.09704258	0.5535396	-2.31218	0.1814275	1.2381052	4.441773	100.89766	101.76393675804138
2	-0.77025914	0.7883767	2.8037837	-2.5599613	0.9495241	1.3409249	3.471853	-0.9064816	166.86592	155.575	0.02793296	0.3	60004.0	3.1154635	2.126909	5.8706956	-2.9858267	3.1154714	2.1268668	5.9119124	-3.03195	-0.6847639	1.220696	12.042313	-11.405732	-3.1123595	0.0015014391	0.0016265879	0.015285029	-5.604321	0.0051448615	0.68476385	4.2226944	104.051414	205.8619830608368
3	1.4391396	1.4891785	3.5551744	-2.6094906	2.2066379	1.1227947	3.7352815	-1.0288744	135.72398	114.45	0.5882353	0.725	90004.0	1.3796859	1.7307465	4.1325145	-1.4205272	1.37968	1.7307625	4.154741	-1.4170665	1.6884061	2.1913054	21.874552	-14.05978	-1.3786701	0.00079854374	0.0007705757	0.0002281461	-7.42046	0.0006074211	-1.6884061	4.574378	113.90334	319.7481904029846
4	2.2229013	0.87659675	3.5548413	-1.1537405	2.6095707	0.57096106	3.5678077	1.0240339	107.90357	94.725	0.86071426	0.95	120004.0	0.70169824	1.1726912	3.1770792	-1.4837506	0.7017019	1.1726904	3.1743212	-1.4747382	2.007787	2.0846786	19.010704	-12.788862	-0.703363	0.00077847263	0.0007730103	-6.0361167e-06	-7.0962567	0.00083115126	-2.007787	4.753482	122.56761	442.24521136283875
5	2.4562411	0.81141317	3.7481558	-2.4550061	2.8595288	0.49534795	3.7110968	1.4168857	103.3	98.55	0.93793106	1.0	150004.0	0.52260864	0.81724477	2.5489483	-1.5577246	0.522633	0.817204	2.529778	-1.5959005	2.0024657	2.0083432	16.697994	-11.297871	-0.52291805	0.00069972407	0.0007065985	-2.179549e-06	-6.9090815	0.000999691	-2.0024657	4.8543057	126.55703	568.9787843227386
6	2.6556597	0.444041	3.8206685	0.55398446	2.8931248	0.39794037	3.7624457	2.1753325	101.35473	96.55	0.9797297	1.0	180004.0	0.60658884	0.7267606	1.9239057	-1.5891402	0.6066	0.7267444	1.9330674	-1.5719861	1.9997274	2.0047204	19.319752	-12.700409	-0.6066865	0.00065507786	0.0006459627	6.360844e-07	-6.8696613	0.0010394028	-1.9997272	4.8720345	125.055435	693.9808475971222
7	2.6309159	0.41796067	3.7292233	0.39489517	2.8038623	0.43282944	3.4503117	1.4710815	99.0132	92.95	0.97029704	1.0	210004.0	0.7146115	0.711667	1.6107154	-1.5609738	0.7146124	0.7116699	1.6422335	-1.5438124	1.9992504	1.9669628	18.76836	-13.766529	-0.7134452	0.00056759757	0.0005508039	1.1204833e-06	-6.8721666	0.0010367675	-1.9992504	4.8359385	125.72179	819.6674950122833
8	2.6282551	0.4965266	3.7224247	0.16505279	2.9671538	0.44655776	3.7144523	2.2359133	97.781044	98.375	0.9705882	1.0	240004.0	0.7863531	0.6947556	1.6093426	-1.557789	0.7863506	0.694769	1.6304466	-1.5514596	2.0009584	1.9621474	20.833431	-12.72937	-0.78436637	0.00058315747	0.00056643056	-6.5463036e-07	-6.8842106	0.0010241941	-2.000958	4.848095	128.44475	948.0100207328796
9	2.672244	0.37956846	3.7566395	0.5684802	2.8770604	0.50887245	3.6239843	1.2515969	96.3955	96.0	0.9903537	0.975	270004.0	0.84799385	0.6746791	1.633175	-1.5861465	0.8479968	0.6746823	1.6339678	-1.5543423	1.9999703	1.9467949	20.205914	-13.076366	-0.8455741	0.0005396021	0.0005239479	3.14943e-07	-6.8929925	0.0010152032	-1.9999703	4.8293414	126.742966	1074.890688419342
10	2.6611328	0.5211161	3.760313	0.07739564	2.8169255	0.5388736	3.679716	1.4002442	96.517685	97.85	0.9710611	0.95	300004.0	0.89929974	0.6542954	1.6228725	-1.7205083	0.89930284	0.65429956	1.6158593	-1.6365864	1.9982347	1.9209366	17.197239	-12.929028	-0.89652294	0.00047492055	0.0004558276	2.0003686e-06	-6.9103065	0.0009978337	-1.9982349	4.791401	129.56972	1204.4556813240051
11	2.6615324	0.44891232	3.66489	0.32909688	2.9318724	0.42381802	3.7226675	2.1362233	97.51948	97.725	0.97402596	1.0	330004.0	0.93597996	0.64161944	1.6232858	-1.7154325	0.9359794	0.6416305	1.6424977	-1.6438594	2.0007224	1.9176654	18.500252	-12.745653	-0.93276554	0.000461137	0.00044466375	-4.6593124e-07	-6.951298	0.0009576818	-2.0007224	4.887187	129.43527	1333.8667154312134
12	2.6779299	0.4794298	3.771266	0.5743085	2.8814406	0.39040902	3.6513727	2.1310902	100.605354	95.275	0.9665552	1.0	360004.0	0.9570109	0.6316414	1.7105587	-1.7605516	0.95701104	0.63164103	1.645391	-1.8021562	2.0007825	1.9069417	22.27007	-12.501506	-0.9532766	0.00041448802	0.00040657548	-5.3768036e-07	-6.964105	0.0009454917	-2.0007825	4.8520074	126.80232	1460.6855363845825
13	2.6927984	0.45359263	3.8040519	0.37128064	2.9284565	0.56741065	3.6199186	1.4606485	97.55701	97.9	0.9739414	0.975	390004.0	0.97377187	0.62393016	1.9282231	-1.7063664	0.9737754	0.62393385	1.6622603	-2.0450273	1.998705	1.9238408	21.084179	-14.159014	-0.969632	0.0004266824	0.00041197293	1.4424404e-06	-6.9691453	0.000940806	-1.998705	4.8662834	127.48492	1588.1215155124664
14	2.6829126	0.44544557	3.7439818	0.57652974	2.7573597	0.58413386	3.6398437	1.4791316	97.66013	90.2	0.96732026	1.0	420004.0	0.99168485	0.6140595	1.7265257	-2.2304828	0.9916854	0.6140669	1.6580834	-2.1642816	1.9997065	1.9255762	20.328678	-12.065653	-0.9875303	0.0004169387	0.00040678398	4.6154136e-07	-6.9944816	0.0009171653	-1.9997063	4.820564	127.28537	1715.402267217636
15	2.7179592	0.482068	3.7098553	0.50284725	2.8263593	0.3766349	3.6211631	2.101706	99.250824	92.675	0.980198	1.0	450004.0	1.0111185	0.5974822	1.6477402	-1.9040766	1.0111221	0.59748316	1.651872	-1.8773639	2.0008862	1.8984601	22.846579	-12.352621	-1.0069133	0.00041307678	0.0004027015	-6.031339e-07	-6.991596	0.00091992953	-2.0008862	4.8452125	127.549774	1842.9357941150665
16	2.7065556	0.44730428	3.6472802	0.6946818	2.9727614	0.51532173	3.7194848	1.4797277	99.89701	101.0	0.9700997	0.975	480004.0	1.0298257	0.5846165	1.663629	-1.7611551	1.0298266	0.5846122	1.6548481	-1.7976063	2.0005925	1.8860475	16.32254	-13.712931	-1.0255272	0.00039452146	0.00039030754	-3.7687215e-07	-6.989274	0.00092204404	-2.0005925	4.858714	125.7367	1968.6165738105774
17	2.7234204	0.42849836	3.7784426	-0.6585015	2.8727899	0.53618366	3.660944	1.4314741	97.41234	95.25	0.98376626	1.0	510004.0	1.0450853	0.57881147	1.6863638	-1.9659134	1.0450883	0.57880807	1.6881218	-1.9707869	1.9998218	1.8874725	20.663048	-11.26563	-1.0408616	0.00039459535	0.0003893852	3.4432622e-07	-6.983352	0.0009277607	-1.9998218	4.8093243	127.797195	2096.5289266109467
18	2.641331	0.5350662	3.722873	0.2667409	2.7348332	0.4699294	3.5467262	1.45574	95.382164	94.2	0.96496814	0.95	540004.0	1.0635523	0.56608623	1.6766438	-1.6963427	1.0635546	0.5660855	1.6681017	-1.6768836	1.9989856	1.9057865	27.450066	-16.04154	-1.0593718	0.00037400814	0.00036605413	1.1332705e-06	-7.0128903	0.00090060564	-1.9989856	4.74798	129.6608	2226.2382292747498
19	2.7302475	0.49108467	3.752683	0.42670733	2.8276925	0.55890423	3.676524	1.3271917	100.02333	96.775	0.9766667	0.95	570004.0	1.07482	0.5575861	1.6995485	-1.7460626	1.0748199	0.5575836	1.6980139	-1.8067155	1.9994416	1.9105651	19.99979	-13.758413	-1.0704188	0.0003612706	0.000357864	6.864344e-07	-7.048664	0.0008688181	-1.9994415	4.7968206	125.27743	2351.4166157245636
20	2.7236912	0.43758464	3.67349	0.2131529	2.9600205	0.45437625	3.674522	1.4682709	97.148865	100.275	0.98381877	1.0	600004.0	1.0859779	0.55135506	1.6819797	-1.7150724	1.0859762	0.55135924	1.6754217	-1.7525971	2.0008132	1.8987477	20.766113	-15.206954	-1.0816053	0.00036270346	0.0003529391	-5.2284673e-07	-7.0633264	0.0008562164	-2.0008135	4.880941	126.90327	2478.4268460273743
21	2.7094991	0.48270917	3.6221123	0.22684611	2.8182998	0.48201498	3.6104004	1.2232546	96.674194	97.25	0.9741936	0.95	630004.0	1.097503	0.5401405	1.6776211	-1.831378	1.0975031	0.540145	1.6763544	-1.8676348	1.9993047	1.900391	18.265278	-16.03268	-1.0931076	0.0003524674	0.0003470642	7.7476375e-07	-7.0773363	0.0008442856	-1.9993047	4.8084908	127.03495	2605.3239557743073
22	2.7598608	0.44194776	3.7720368	0.5499617	3.00568	0.38207802	3.795228	2.3000271	97.76948	100.825	0.987013	1.0	660004.0	1.1067826	0.5368344	1.7763746	-1.9610445	1.1067843	0.5368269	1.6813611	-2.0112476	2.000657	1.9023448	16.930733	-13.480891	-1.102515	0.00034479712	0.0003417969	-3.940771e-07	-7.0690937	0.0008512485	-2.000657	4.973502	129.85822	2735.1949701309204
23	2.8474417	0.4069076	3.725219	0.51297575	2.870975	0.42088914	3.794982	1.6272795	101.472786	94.0	0.99319726	1.0	690004.0	1.1164017	0.5309022	1.68113	-1.8270237	1.1164029	0.5308994	1.6863058	-1.768933	1.9985904	1.8976476	17.416073	-14.371455	-1.112	0.00032032205	0.00031392468	1.3509283e-06	-7.0657783	0.00085431186	-1.9985904	4.8545704	126.183235	2861.4507896900177
24	2.7669697	0.4563972	3.7480764	0.57085216	3.0042417	0.47699884	3.6883678	2.0034187	99.79402	103.125	0.9800664	1.0	720004.0	1.1256039	0.52734464	1.6782202	-2.1158538	1.1256039	0.5273477	1.6689277	-2.0473266	2.0017881	1.9060056	19.59646	-13.155965	-1.121312	0.00034130356	0.00033558416	-1.3040128e-06	-7.076318	0.00084521587	-2.0017881	4.917515	127.07375	2988.5686938762665
25	2.7852569	0.48968673	3.750107	0.58311874	2.839113	0.6372919	3.7599237	1.2181886	99.790695	97.95	0.9767442	0.975	750004.0	1.13288	0.5207244	1.6679765	-1.994683	1.13288	0.52071095	1.7255597	-2.0166657	2.000435	1.90854	18.74421	-12.999344	-1.1285826	0.00033238847	0.0003293273	-2.0837635e-07	-7.0715013	0.00084945164	-2.000435	4.83346	125.918	3114.3463480472565
26	2.7645152	0.48755708	3.7652984	0.4637574	2.814174	0.45964336	3.690799	1.3774883	98.41503	93.625	0.9738562	0.975	780004.0	1.1399105	0.51523083	1.6797777	-2.1283362	1.1399125	0.5152305	1.6727043	-2.0165195	1.9989164	1.8975337	18.69142	-12.533807	-1.1354266	0.00032671195	0.00032059828	1.0877282e-06	-7.1129746	0.0008149157	-1.9989163	4.8739214	128.37962	3242.7631826400757
27	2.7480628	0.5417775	3.78918	0.47782192	2.9276555	0.398207	3.7180717	2.1638997	99.54	97.75	0.9633333	1.0	810004.0	1.1434169	0.5146479	1.6837053	-2.0520868	1.1434138	0.5146583	1.6846933	-2.0196898	1.9994266	1.9269232	22.203487	-14.804244	-1.1388823	0.00033771197	0.00032677964	6.278587e-07	-7.1303697	0.00080080214	-1.9994266	4.9509716	122.94307	3365.701760530472
28	2.7784312	0.49778533	3.6846256	0.3768458	3.0126042	0.50457543	3.6155503	1.5927681	99.22442	106.35	0.9768977	0.95	840004.0	1.147744	0.51349264	1.6876909	-2.2731597	1.1477423	0.5135057	1.6951855	-2.2855308	2.000533	1.9219875	21.200197	-12.173048	-1.1431775	0.00033372478	0.00032270566	-2.620184e-07	-7.131396	0.0007998698	-2.000533	4.8619194	126.68529	3492.509075164795
29	2.7740817	0.48415866	3.7951133	0.06830175	2.906652	0.50860256	3.7118816	1.260771	98.99007	99.65	0.98344374	0.975	870004.0	1.1536593	0.5080588	1.6947663	-2.0227711	1.1536562	0.50807106	1.6990145	-2.1460783	1.9991859	1.9545277	29.328623	-12.289872	-1.1492057	0.00033244275	0.0003248862	8.2915324e-07	-7.146554	0.00078810344	-1.9991859	4.8909945	127.88911	3620.3264598846436
30	2.7644267	0.519664	3.7965972	0.3491433	2.7777638	0.36850283	3.5323586	1.5328568	100.496666	89.525	0.97333336	1.0	900004.0	1.1619345	0.50144136	1.7007155	-2.0387757	1.1619334	0.50145227	1.7026649	-2.025903	2.0003319	1.9488645	19.546661	-12.237712	-1.1574774	0.0003166884	0.0003069774	-8.831925e-08	-7.1529565	0.000782863	-2.0003316	4.790233	127.59197	3748.064584493637
31	2.7992146	0.4076302	3.7703023	1.4333459	2.8830762	0.4542202	3.6828792	1.604176	99.28808	98.025	0.99006623	1.0	930004.0	1.1657892	0.4956861	1.6893845	-2.0769804	1.165787	0.49569055	1.6949751	-2.0157633	1.9997405	1.94057	19.123766	-12.528036	-1.1613995	0.00028928102	0.0002871841	3.5649637e-07	-7.156061	0.00078040874	-1.9997404	4.87323	126.48315	3874.357290506363
32	2.7482052	0.4626692	3.7002292	0.36102107	3.060656	0.49402666	3.7650363	1.3291147	96.938515	107.825	0.98058254	0.975	960004.0	1.1717796	0.49066284	1.6782463	-2.097168	1.1717756	0.49067384	1.6896151	-2.1165361	2.0004497	1.9585912	21.85501	-12.435262	-1.1674216	0.00029409418	0.0002881403	-2.0082481e-07	-7.1720157	0.0007680734	-2.00045	4.990718	128.1232	4002.485675573349
33	2.7539635	0.48006403	3.7389157	0.5256222	2.8387382	0.51689786	3.6901932	1.4435374	98.21311	95.675	0.9737705	1.0	990004.0	1.1788547	0.48737574	1.6843086	-2.02345	1.1788546	0.48738348	1.6912109	-2.0845952	1.99938	1.9561384	33.465927	-12.988693	-1.1745732	0.00029353274	0.00028684072	6.5552496e-07	-7.1884136	0.00075558014	-1.9993802	4.874153	128.04219	4130.612271785736
34	2.8285403	0.4514848	3.768264	0.41136926	3.055325	0.43795303	3.7086933	2.167891	100.530205	105.375	0.98657715	1.0	1020004.0	1.1869208	0.47910404	1.6876389	-2.138793	1.1869175	0.47911552	1.6891466	-2.2177372	1.9993591	1.9660103	27.947725	-13.182797	-1.1826466	0.00029497687	0.00029083874	6.2580233e-07	-7.218757	0.00073308556	-1.9993591	4.9177213	126.69641	4257.225749015808
35	2.7843356	0.44310015	3.778039	0.6535663	2.8707852	0.44954976	3.779456	1.4704422	97.10968	95.125	0.9806452	1.0	1050004.0	1.1916925	0.47355214	1.6883827	-1.9343909	1.1916935	0.47356915	1.707613	-1.9018453	1.9988143	1.9545487	23.78645	-12.264096	-1.1874474	0.00030747935	0.0002983686	9.986837e-07	-7.230839	0.0007243404	-1.9988142	4.8756495	130.12779	4387.342375993729
36	2.7971215	0.47083122	3.7297812	0.46041602	2.950854	0.43419746	3.8242123	2.020682	100.08027	101.575	0.9765886	1.0	1080004.0	1.195927	0.46713552	1.6971847	-2.3753467	1.1959263	0.46714172	1.6898077	-2.443991	2.0017483	1.9585097	21.241535	-11.048247	-1.1916369	0.00028534664	0.00028279153	-1.0773018e-06	-7.2222757	0.000730511	-2.001748	4.878723	127.88403	4515.224006414413
37	2.8191402	0.49316335	3.8128204	0.70583236	2.8501403	0.5271878	3.6842113	1.4353664	100.70034	95.1	0.97643095	1.0	1110004.0	1.1963601	0.46755758	1.6901879	-2.1403894	1.1963595	0.46758094	1.6901909	-2.235523	2.0005648	1.9723672	36.719505	-12.919073	-1.1919383	0.0002848737	0.00027255848	-2.7707355e-07	-7.217561	0.0007338935	-2.0005646	4.915314	127.622604	4642.861960887909
38	2.823096	0.4515788	3.7547808	1.0560123	2.8596148	0.56429076	3.7493467	1.4092568	99.128716	99.675	0.990099	0.95	1140004.0	1.1978953	0.4672285	1.6979513	-2.1974854	1.1978916	0.4672464	1.6903743	-2.2394404	1.9993124	1.9714376	31.270508	-12.421723	-1.1934569	0.00030267125	0.00029952326	6.5890106e-07	-7.219247	0.00073274475	-1.9993123	4.839489	126.1199	4769.087260246277
39	2.8273687	0.43319702	3.7947679	0.7854205	2.9734714	0.49101004	3.6908605	1.4610889	98.345276	104.7	0.990228	0.975	1170004.0	1.2012016	0.46691412	1.6927139	-2.231516	1.2012024	0.4669209	1.6913947	-2.341024	1.9984303	1.9825609	36.995544	-13.162359	-1.1968652	0.00027026937	0.0002657369	1.2125877e-06	-7.2460303	0.00071328686	-1.9984305	4.8985543	129.36365	4898.313832759857
40	2.7491443	0.54566437	3.7135193	0.37997234	2.950135	0.4711358	3.6902351	1.4646428	99.1192	99.2	0.95695364	1.0	1200004.0	1.203699	0.4628451	1.6999898	-2.2878022	1.2036996	0.4628469	1.7014931	-2.3801768	2.001599	1.9600059	18.431648	-12.416668	-1.1993867	0.00027543525	0.0002706959	-9.5218707e-07	-7.2443686	0.0007147268	-2.001599	4.8569875	126.38649	5024.939516782761
41	2.7559	0.4996065	3.7453392	0.56483	2.832386	0.36361903	3.6716068	2.2606006	98.93399	92.775	0.96369636	1.0	1230004.0	1.2063011	0.45962033	1.7020242	-2.022405	1.2062993	0.45963138	1.6977737	-2.101518	1.9991211	1.9758972	20.417719	-12.281906	-1.201956	0.00027675775	0.00027260627	7.896023e-07	-7.2549667	0.00070713594	-1.999121	4.8529224	125.84483	5150.552948951721
42	2.7875032	0.49198908	3.8057945	0.5259248	2.9347718	0.4433041	3.6715143	1.5102957	97.729645	98.225	0.9771987	1.0	1260004.0	1.2107556	0.45641282	1.7045426	-2.1627219	1.2107532	0.45642373	1.7100649	-2.1858723	2.00099	1.9818013	22.056034	-14.45135	-1.2064201	0.00027312234	0.00026892347	-5.4114275e-07	-7.270452	0.00069617404	-2.00099	4.939583	125.98566	5276.524334907532
43	2.7786617	0.49675867	3.7671974	0.5860114	2.8139143	0.50238097	3.5796776	1.1656061	97.483765	98.425	0.987013	0.95	1290004.0	1.2142174	0.4538821	1.704853	-2.1709695	1.214217	0.45388183	1.7022672	-2.3233478	1.9997878	1.9677268	27.557669	-13.747486	-1.2099108	0.0002871432	0.0002879767	3.2224526e-07	-7.2654977	0.0006997307	-1.9997874	4.826349	132.79697	5409.409985780716
44	2.8219178	0.5372784	3.7723532	0.3721446	2.7669816	0.59635437	3.6969535	1.1736645	100.75839	96.9	0.97651005	0.925	1320004.0	1.2160704	0.45276657	1.7001159	-2.0442219	1.2160715	0.4527718	1.7034279	-2.009461	2.0002313	1.9806896	37.342793	-11.637029	-1.2117388	0.00027613965	0.00027093024	8.5685405e-09	-7.2744875	0.000693313	-2.000231	4.7335596	126.57128	5536.0104331970215
45	2.8495948	0.44980514	3.7648954	0.5526551	2.9257863	0.5731377	3.7143548	1.383273	98.68317	101.2	0.9867987	0.975	1350004.0	1.2193285	0.45073444	1.706682	-2.2000248	1.2193273	0.45074135	1.8293726	-2.3291087	1.9995332	2.0095935	35.635616	-14.695151	-1.215061	0.00027360383	0.00027274544	4.8157375e-07	-7.272689	0.00069460383	-1.999533	4.884632	128.24127	5664.192617893219
46	2.846036	0.49464312	3.7703447	0.36867446	2.8058267	0.5336098	3.7582717	1.4428205	101.13468	93.95	0.97979796	1.0	1380004.0	1.2240373	0.4442951	1.719836	-1.9355395	1.2240367	0.44430122	1.7070428	-1.8975424	2.0001101	1.9676818	39.08798	-12.609482	-1.2196927	0.0002698859	0.00026721988	7.456429e-08	-7.267943	0.0006980131	-2.0001104	4.866584	125.34339	5789.6053814888
47	2.8682008	0.437028	3.799157	0.9178775	2.7961235	0.6015802	3.7479296	1.2087778	101.067116	101.75	0.9932886	0.925	1410004.0	1.2274966	0.44128492	1.701986	-1.961338	1.2274956	0.44129324	1.8168085	-1.9652586	2.001147	1.9919523	41.114502	-12.96669	-1.2232422	0.00025989613	0.00025489327	-6.111335e-07	-7.279605	0.00068997446	-2.001147	4.811823	127.55336	5917.108733177185
48	2.8053458	0.4939745	3.7253609	0.53837734	2.9930644	0.5321724	3.7312891	1.424486	98.60855	102.875	0.9802632	1.0	1440004.0	1.2300766	0.43782786	1.7065704	-1.9170716	1.2300756	0.4378351	1.7027094	-2.054903	1.9993423	1.986532	42.460556	-13.6622925	-1.225874	0.00025048037	0.00024832835	6.160067e-07	-7.288417	0.00068435015	-1.9993424	4.973427	127.6763	6044.702524423599
49	2.839959	0.46186528	3.7857084	0.21110798	2.8798618	0.51019204	3.7120907	1.2395859	99.82275	99.85	0.9832776	0.975	1470004.0	1.2332003	0.43536493	1.7032809	-2.403522	1.2331995	0.43537664	1.714465	-2.4074235	2.000231	1.9580861	28.539839	-15.352725	-1.2288836	0.00025361238	0.00025019524	-8.406428e-09	-7.260399	0.0007033096	-2.000231	4.9127855	126.88924	6171.673194646835
50	2.8270261	0.48892853	3.7320032	0.506264	2.7929523	0.5355162	3.725677	1.4274801	99.231026	91.95	0.9867987	1.0	1500004.0	1.2340577	0.4341124	1.7041337	-2.410776	1.234057	0.43412098	1.7101833	-2.3113568	1.998641	1.9782562	21.941277	-13.802988	-1.229714	0.00026717287	0.00026273407	1.0760868e-06	-7.2602167	0.00070360606	-1.998641	4.8598547	125.376144	6297.294526100159
51	2.7640355	0.55524296	3.74993	0.3904366	2.8918228	0.5859942	3.7275982	1.4366347	99.58609	99.725	0.9668874	0.975	1530004.0	1.2349685	0.43310186	1.7088077	-2.1325464	1.2349685	0.43310234	1.7074562	-2.3290644	2.0000744	1.9940228	25.242912	-11.866447	-1.2306414	0.00026336417	0.00026127585	9.869387e-08	-7.2875066	0.00068434735	-2.0000744	4.878749	126.39309	6423.4196791648865
52	2.7892015	0.4976506	3.7204728	0.4801298	2.945291	0.482403	3.7433722	1.5044731	96.579285	99.825	0.987055	1.0	1560004.0	1.2357937	0.4325124	1.7140559	-2.0470347	1.2357908	0.43252936	1.7173923	-2.0495152	2.0010097	1.9824725	29.382946	-13.004817	-1.2315389	0.00025939342	0.00025239048	-5.0641165e-07	-7.294971	0.0006794458	-2.0010097	4.9371314	129.45485	6552.817839860916
53	2.832664	0.44946685	3.7499838	0.92267865	2.8254004	0.601531	3.7648933	1.427076	99.134865	93.875	0.9934211	1.0	1590004.0	1.2386935	0.42791364	1.7135507	-2.2223797	1.2386937	0.42793038	1.7075306	-2.1018448	2.0004704	1.9687052	21.819721	-13.5646925	-1.2344133	0.00025563693	0.00025023794	-1.4123333e-07	-7.2752447	0.00069284224	-2.0004704	4.9014916	129.11104	6681.943378210068
54	2.7929144	0.4853224	3.7713997	0.47939047	3.0420744	0.4063795	3.7501388	2.0283368	98.01307	105.175	0.98039216	1.0	1620004.0	1.2413226	0.42420363	1.7142984	-2.5227635	1.241321	0.42421952	1.7126564	-2.171199	1.9995596	1.9813664	19.818384	-11.720852	-1.2370188	0.0002618967	0.00025624598	4.661498e-07	-7.282587	0.0006876385	-1.9995596	4.9297314	127.19241	6809.158069610596
55	2.8782032	0.45383897	3.7525668	0.5858826	2.7925248	0.43299899	3.4854753	1.5146435	99.9699	94.575	0.9966555	0.975	1650004.0	1.241101	0.42567107	1.7196319	-2.5134625	1.2411007	0.42568737	1.7013396	-2.1924784	1.9993339	1.9800365	27.72658	-13.044157	-1.236644	0.00025752056	0.00024932827	5.9267694e-07	-7.3059688	0.0006718748	-1.999334	4.881815	126.963806	6936.130578756332
56	2.8202367	0.44697785	3.7910082	0.48072726	2.8927865	0.49378997	3.7539792	1.5582207	98.73026	97.925	0.9868421	1.0	1680004.0	1.2426755	0.423551	1.7222986	-2.4950106	1.242675	0.42356336	1.7102095	-2.2211385	2.0005	2.0121095	25.338383	-12.54196	-1.2383177	0.00025311514	0.00024866674	-1.6972348e-07	-7.300857	0.0006752523	-2.0005	4.909575	126.862045	7062.930876255035
57	2.7949688	0.5228746	3.678324	0.32910746	2.8983035	0.34221172	3.521279	2.3037527	98.74671	96.175	0.9802632	1.0	1710004.0	1.2452437	0.42157957	1.7281444	-2.267548	1.2452422	0.42159477	1.7089736	-2.1834674	2.001155	2.0077996	22.87076	-13.81587	-1.2408981	0.0002496307	0.00024343755	-6.2416655e-07	-7.3085155	0.00067044044	-2.0011551	4.912628	125.952385	7188.953924417496
58	2.866127	0.50502414	3.7768323	0.6440226	2.9106755	0.48113889	3.7115068	1.4995753	101.49492	97.0	0.9762712	1.0	1740004.0	1.247501	0.42022926	1.7296858	-2.5449386	1.2475003	0.4202264	1.7148397	-2.5973492	1.9982448	2.0131705	19.98888	-13.097928	-1.2431545	0.0002417738	0.00024162342	1.2951895e-06	-7.334409	0.0006530406	-1.9982448	4.9254117	126.78014	7315.64795255661
59	2.8251474	0.5450107	3.794422	0.18972798	2.9675713	0.41851023	3.7570622	2.123021	100.71477	100.8	0.9697987	1.0	1770004.0	1.2482184	0.4209778	1.7219977	-2.4485693	1.2482163	0.42097747	1.7150066	-2.4760861	2.001857	2.0097065	30.391306	-13.949317	-1.2439618	0.00025629552	0.00025654712	-1.0344894e-06	-7.3127103	0.0006674301	-2.001857	4.9208846	126.3778	7442.0972101688385
60	2.831055	0.51100075	3.7251027	0.21073943	2.914908	0.4376694	3.727735	1.6447834	99.62251	98.825	0.98344374	0.975	1800004.0	1.2508454	0.41929585	1.722606	-2.1317096	1.2508442	0.41930372	1.7170658	-2.2401087	2.0016942	2.0161119	31.955503	-11.662038	-1.2465919	0.0002464534	0.00024371929	-1.02767e-06	-7.3151655	0.00066594034	-2.001694	4.906739	128.05118	7570.24312710762
61	2.8617518	0.5168053	3.7665126	0.60177815	2.8109822	0.41763088	3.649136	1.5404719	100.63636	91.65	0.98316497	1.0	1830004.0	1.2532386	0.41737795	1.8271825	-2.3139327	1.253236	0.417392	1.74775	-2.2965724	1.9999253	2.0085595	28.058456	-13.7728	-1.2489179	0.0002555324	0.0002500292	2.1602375e-07	-7.3061357	0.00067248533	-1.9999254	4.8483543	125.06113	7695.224004030228
62	2.827882	0.5699165	3.7344816	0.08430118	2.8830018	0.506934	3.6266203	1.5178188	100.605354	100.225	0.97324413	0.95	1860004.0	1.2528112	0.41883823	1.7246726	-2.8596632	1.2528113	0.41883606	1.7180637	-2.7071943	1.99821	2.0003383	19.133297	-14.191112	-1.2484266	0.00023754845	0.00023400148	1.3872636e-06	-7.27827	0.0006908741	-1.9982096	4.842744	127.28912	7822.41895866394
63	2.8143358	0.52813405	3.7854416	0.4831342	2.8876383	0.34686342	3.6959352	2.2255912	99.11842	95.375	0.9802632	1.0	1890004.0	1.2532102	0.41822967	1.7365534	-2.7376318	1.2532126	0.41823506	1.718697	-2.7122242	1.9995848	2.0328662	20.948837	-12.5261545	-1.2487643	0.00025230728	0.0002459578	4.1102618e-07	-7.2899265	0.0006831759	-1.9995848	4.895959	128.56502	7951.038547039032
64	2.793448	0.49822307	3.7632716	0.73767215	2.827469	0.57887644	3.7379277	1.3918048	97.803276	95.675	0.9836066	0.975	1920004.0	1.2556758	0.4172523	1.7442553	-2.7185485	1.2556767	0.41724995	1.7232187	-2.5768437	2.0014021	2.0306098	21.019707	-14.34149	-1.2512896	0.00024159123	0.00023700025	-7.876621e-07	-7.3042	0.00067300175	-2.001402	4.8232794	128.66379	8079.679075956345
65	2.851478	0.469308	3.7679462	0.43053785	2.8875263	0.47496143	3.6511085	1.4294293	99.73754	94.65	0.9833887	1.0	1950004.0	1.2543526	0.4174608	1.7518673	-2.4686646	1.2543517	0.41746426	1.7976475	-2.4905882	2.0007994	1.9973011	24.916851	-12.612011	-1.2498522	0.0002509669	0.00025041137	-4.0517165e-07	-7.2631526	0.000701615	-2.0007994	4.8981295	127.45564	8207.155004739761
66	2.8259363	0.44264522	3.8247693	1.4261297	2.7878783	0.6174861	3.698989	1.2479749	96.741936	97.325	0.9967742	0.95	1980004.0	1.2561117	0.41257536	1.7348046	-2.3930757	1.2561142	0.41256672	1.7299227	-2.2846231	1.9984189	2.0251882	24.891468	-11.849673	-1.2517791	0.0002437506	0.00024341955	1.2281e-06	-7.300845	0.0006753806	-1.9984186	4.8674746	130.1985	8337.388263702393
67	2.8232043	0.5141043	3.7619984	0.19056843	2.9753766	0.4347744	3.7542593	2.1939545	98.39017	100.575	0.98032784	1.0	2010004.0	1.2592785	0.41128665	1.9355417	-2.2296546	1.2592794	0.41127792	1.9441203	-2.283053	2.0003808	2.0216792	27.856115	-11.465185	-1.2549639	0.00024301535	0.00024311186	-1.01934376e-07	-7.3095083	0.00066956773	-2.000381	4.8985453	128.08345	8465.437426328659
68	2.8545723	0.49292156	3.7914498	0.59029573	2.9240112	0.564698	3.727217	1.4346837	100.003334	98.875	0.9866667	1.0	2040004.0	1.2611566	0.40991232	1.9417083	-2.458064	1.2611581	0.40990138	1.9920869	-2.3911626	2.000844	2.0287256	25.162981	-12.415329	-1.256867	0.00023739997	0.00023815362	-4.1789175e-07	-7.327259	0.0006577342	-2.000844	4.871002	126.31564	8591.841941356659
69	2.8491545	0.5151403	3.703446	0.6002396	2.9346657	0.4094406	3.6329205	2.3060117	100.13	99.675	0.98333335	1.0	2070004.0	1.2641575	0.40543061	1.7386425	-2.6679137	1.2641586	0.40542468	1.7243586	-2.4712274	2.0004802	1.9994357	28.431795	-12.56936	-1.25978	0.00023051888	0.00022871891	-1.9777119e-07	-7.283888	0.0006869769	-2.0004804	4.977525	127.17758	8718.916229248047
70	2.8574433	0.501003	3.7358544	0.5722296	2.9179406	0.5299467	3.751917	1.4597985	100.09	100.325	0.9866667	0.975	2100004.0	1.263838	0.40730104	2.1016295	-2.8794236	1.2638398	0.40730476	2.285565	-2.8530836	1.9987812	2.0295365	31.74186	-12.02216	-1.2594893	0.0002277556	0.00022569443	9.724351e-07	-7.3459053	0.00064547895	-1.9987811	4.8777795	125.46053	8844.537465572357
71	2.8237386	0.47424442	3.7416635	0.9118056	2.818765	0.38627914	3.566078	1.6738715	98.00655	94.325	0.9836066	0.975	2130004.0	1.2663642	0.4056868	1.7334981	-2.7836363	1.2663643	0.4056828	1.7691419	-2.981143	1.999288	2.0182047	22.688835	-13.047666	-1.2620679	0.0002321632	0.00023096307	5.962708e-07	-7.3234053	0.0006601666	-1.9992877	4.8185387	127.06075	8971.424031734467
72	2.8407433	0.47622877	3.7790594	0.4419591	2.882121	0.36151555	3.5922742	2.1474326	98.7796	95.05	0.9934211	1.0	2160004.0	1.2672118	0.40470713	4.754536	-2.5069914	1.267211	0.40468687	4.8758817	-2.3223155	2.001602	2.0566103	47.285973	-14.554634	-1.2626693	0.00025387108	0.0002549131	-9.049284e-07	-7.3357835	0.00065217563	-2.001602	4.8707695	127.77664	9099.267694473267
73	2.7016106	0.74707353	3.7333186	-1.4136195	2.7658584	0.6174481	3.5983474	0.19791329	107.11388	99.9	0.9644128	0.975	2190004.0	1.415623	0.8697159	10.008363	-4.575922	1.4156383	0.8697889	10.010579	-4.700829	2.0132236	2.4577737	53.706173	-13.424202	-1.4279205	0.0012773488	0.0012042877	-1.0723259e-05	-6.776786	0.0012689234	-2.0132236	4.871646	124.622055	9223.929418325424
74	2.7502236	0.4777917	3.7501726	0.427031	2.8608537	0.5614747	3.7173	1.2049325	99.91973	103.55	0.97324413	0.975	2220004.0	1.6620827	1.3355714	8.102865	-4.974407	1.662106	1.3356243	8.0629635	-4.9104543	1.9915227	2.1028278	39.286713	-12.024348	-1.6520034	0.00121349	0.0011798631	1.1416172e-05	-6.66907	0.0012765762	-1.9915228	4.920366	127.09825	9351.093385219574
75	2.7770355	0.5190825	3.7451189	0.28605884	2.9251227	0.47142124	3.5321805	1.4209176	105.06644	107.65	0.9755245	1.0	2250004.0	1.3193454	0.73500574	5.3425493	-3.951632	1.3193474	0.73504514	5.283266	-3.9245818	1.9980572	2.0642457	27.385206	-14.688781	-1.3120966	0.0005915604	0.0005639716	2.1861247e-06	-6.8858137	0.0010235815	-1.9980574	4.9500227	124.410904	9475.478276968002
76	2.7606282	0.5347405	3.7455642	0.4256559	2.92229	0.40349343	3.71558	2.2313318	104.89789	99.6	0.9683099	1.0	2280004.0	1.1986989	0.4727437	3.4088526	-3.4009662	1.1986976	0.47275355	3.4487758	-3.4118543	1.9989808	2.0112703	24.529268	-13.574265	-1.1924982	0.0004092062	0.00040420907	1.1379946e-06	-6.9711833	0.00093872927	-1.998981	4.9292917	125.999664	9601.388316392899
77	2.7963176	0.483002	3.784214	0.48969105	2.9868715	0.52960664	3.645351	1.4187237	99.24918	105.1	0.9836066	0.975	2310004.0	1.200344	0.42478806	2.289297	-2.7683706	1.2003465	0.4247932	2.3213332	-2.8189394	1.99532	1.9980884	23.622952	-12.225497	-1.194559	0.00033613475	0.00033022556	3.939456e-06	-7.095533	0.0008300444	-1.99532	4.9207563	128.29738	9729.74580836296
78	2.8387153	0.46553135	3.8038223	0.21842903	2.8477063	0.56390136	3.6797059	1.3714722	98.7171	98.575	0.98355263	0.975	2340004.0	1.226924	0.4098314	1.7120484	-2.8705695	1.2269299	0.40982637	1.709445	-3.1482005	2.0008464	2.0359077	21.510658	-12.049393	-1.2219154	0.00027992643	0.0002754148	-4.593109e-07	-7.2253423	0.0007286141	-2.0008464	4.886402	124.64182	9854.272337675095
79	2.8142922	0.5358256	3.7345893	0.715355	2.8374438	0.6492273	3.7766373	1.2508801	100.52349	103.3	0.96308726	0.9	2370004.0	1.2444816	0.39946088	1.7111119	-3.1126504	1.2444848	0.39944917	1.7084032	-3.3655019	1.998192	1.9958557	22.99147	-11.661378	-1.2396916	0.00027257195	0.00027449787	1.4138515e-06	-7.269674	0.0006968456	-1.998192	4.7922716	126.80672	9981.128324747086
80	2.8402984	0.48914254	3.8050847	0.50419927	3.0177953	0.48014328	3.7102861	1.4169265	99.97342	103.9	0.9833887	1.0	2400004.0	1.2544385	0.39598417	1.7122012	-3.131643	1.2544398	0.39597547	1.701637	-3.4282146	2.001168	1.9579256	21.355644	-12.028117	-1.2498627	0.000254981	0.0002556002	-6.6850134e-07	-7.2969823	0.0006780882	-2.001168	4.9469786	128.2939	10109.535102844238
81	2.874359	0.43491217	3.7670014	1.400591	2.8137906	0.5217244	3.753765	1.26431	99.88	96.9	0.9866667	0.975	2430004.0	1.2609394	0.39361498	1.7172588	-2.6005118	1.2609403	0.39360884	1.7029893	-2.7070653	1.9989848	1.9559938	22.675781	-13.610881	-1.2563505	0.00024642385	0.00024708608	8.334041e-07	-7.276025	0.0006922503	-1.9989847	4.86254	127.11621	10236.575248241425
82	2.8099334	0.48857054	3.7700198	0.449529	2.897059	0.40866974	3.712011	2.1636717	97.98355	93.875	0.98355263	1.0	2460004.0	1.264129	0.39061645	1.7075932	-2.6530669	1.2641276	0.39061096	1.704855	-2.5603368	2.000461	1.9532223	18.754757	-13.444576	-1.2595458	0.00024327793	0.00024694632	-1.6770623e-07	-7.2958865	0.0006785124	-2.000461	4.8920736	129.23932	10365.689522266388
83	2.807604	0.51081276	3.762625	0.6659888	2.8782446	0.40052113	3.7529988	2.2660053	99.82781	96.6	0.9735099	1.0	2490004.0	1.2652699	0.39059487	1.7093775	-3.1691008	1.2652717	0.39059317	1.7137742	-4.109858	2.000414	1.9578823	21.770945	-13.150627	-1.260711	0.00026337188	0.0002639976	-1.239206e-07	-7.2980537	0.000677226	-2.000414	4.907855	128.26224	10494.052649736404
84	2.7945187	0.52878934	3.71471	0.55195093	3.0136077	0.44616735	3.7109277	2.0123012	97.654724	104.175	0.98045605	1.0	2520004.0	1.267145	0.39061713	1.7232096	-2.8369503	1.2671479	0.39061105	1.7057861	-2.693328	2.000351	1.9568276	21.6053	-12.658302	-1.2626191	0.00025241298	0.0002521864	-7.81954e-08	-7.2843094	0.0006865514	-2.0003507	4.8986435	126.985825	10621.053323745728
85	2.8205862	0.5173484	3.6899471	0.36740136	2.8242462	0.60605335	3.7317414	1.4123348	98.79605	96.3	0.9769737	0.975	2550004.0	1.2683309	0.3932999	1.7231696	-2.4939275	1.268329	0.39330336	1.7135925	-2.6582341	1.9997524	1.9445446	25.108702	-13.38246	-1.2638818	0.00024888045	0.0002458615	3.1640207e-07	-7.263175	0.00070109125	-1.9997526	4.8259277	125.62514	10746.714355230331
86	2.7884521	0.58206296	3.7957861	0.3573865	2.9407246	0.47376558	3.6162393	1.4725739	99.5	98.925	0.96	1.0	2580004.0	1.2711388	0.39135474	1.7244289	-2.514162	1.2711401	0.39135176	1.7090943	-2.7547917	1.9997879	1.9553753	22.27431	-12.57592	-1.2667617	0.00023519612	0.00023522851	2.853124e-07	-7.2860727	0.0006853495	-1.9997878	4.9381204	127.91048	10874.608897686005
87	2.835913	0.5233785	3.739709	0.5627651	2.9557326	0.40122652	3.6579015	2.1979122	99.42905	100.375	0.98349833	1.0	2610004.0	1.2728865	0.38677213	1.722734	-2.719438	1.2728846	0.38677695	1.71197	-2.6294706	2.0000544	1.937721	22.741533	-12.611979	-1.268485	0.00023253173	0.00023084757	8.5785615e-08	-7.2904825	0.0006822136	-2.0000541	4.940547	127.463135	11002.009964704514
88	2.8705297	0.4899704	3.7867665	0.7649745	2.9063816	0.50905144	3.7252061	1.3963869	98.78218	100.125	0.990099	0.975	2640004.0	1.2757081	0.3862425	1.7288353	-2.7643745	1.2757071	0.38623685	1.7233102	-2.5954869	1.9995447	2.0032995	23.811152	-12.676092	-1.2713315	0.00024407991	0.00024554197	4.4956641e-07	-7.314046	0.000666337	-1.9995447	4.891698	127.78522	11129.785140514374
89	2.8389525	0.49454293	3.7812088	0.66930497	2.9421432	0.42679557	3.8069599	2.2648046	99.40594	98.075	0.98349833	1.0	2670004.0	1.2777284	0.38559747	1.7227483	-3.1142402	1.2777292	0.38559717	1.7161316	-2.8080802	2.0015485	1.9505473	27.989283	-12.552612	-1.2734023	0.00023843009	0.00023678824	-9.023521e-07	-7.2944217	0.00067967694	-2.0015488	4.9305487	128.65564	11258.472391843796
90	2.845249	0.49071455	3.7561657	0.68526614	2.9036431	0.44545734	3.754421	1.5237299	99.71667	95.425	0.98333335	1.0	2700004.0	1.279947	0.38426694	1.7235911	-3.1969924	1.2799473	0.38426217	1.7136898	-2.7534857	2.0004156	1.9549555	26.047401	-13.367672	-1.27553	0.00024943674	0.0002475552	-1.6458876e-07	-7.281704	0.00068838196	-2.0004156	4.882865	125.84157	11384.64016032219
91	2.8319883	0.5230365	3.7972791	0.3914557	2.8568006	0.5126684	3.6043706	1.4050269	99.00658	98.725	0.9802632	0.975	2730004.0	1.2797107	0.38502762	1.7224574	-2.6857598	1.2797104	0.3850297	1.7028807	-2.569839	1.9997853	1.9415249	24.849386	-15.509792	-1.2754023	0.0002398444	0.00023845592	2.8168955e-07	-7.2737155	0.0006937684	-1.9997851	4.8662415	126.28752	11510.595064878464
92	2.827316	0.47684783	3.751767	0.29732895	2.8048844	0.46072057	3.732845	1.370216	97.18123	95.5	0.98381877	0.975	2760004.0	1.282456	0.3809465	1.7169664	-3.511987	1.2824584	0.38093534	1.7102993	-3.2991657	2.000656	1.9293557	22.685509	-12.484168	-1.2781442	0.00023426786	0.00023211514	-3.1297617e-07	-7.2848063	0.0006861307	-2.0006557	4.835356	129.30553	11639.922530174255
93	2.847883	0.50127727	3.7361765	0.59002215	2.8754041	0.4179685	3.7429543	2.075648	99.0132	95.325	0.980198	1.0	2790004.0	1.2831235	0.38068348	1.7302951	-2.7341478	1.2831249	0.38067907	1.7200145	-2.7170286	1.9995201	1.914467	28.103004	-12.039168	-1.2788409	0.00023100618	0.0002322874	4.6420507e-07	-7.2819767	0.000688206	-1.9995201	4.8934345	128.50552	11768.355376243591
94	2.824151	0.46780705	3.7097833	0.7267439	2.8490484	0.61447865	3.7456102	0.76510185	97.93791	99.175	0.9869281	0.95	2820004.0	1.2849964	0.3793394	1.7254493	-3.6996822	1.2849965	0.37933385	1.7258873	-3.001061	2.0004866	1.9491892	22.958729	-14.824003	-1.2807091	0.00022771943	0.00022563257	-2.0575033e-07	-7.293043	0.0006805785	-2.0004866	4.8831615	129.4967	11897.89952325821
95	2.9006417	0.4512303	3.7923608	0.7509923	2.970963	0.5685994	3.746649	1.2305212	100.231544	107.175	0.98657715	0.95	2850004.0	1.2858216	0.37798387	1.7250991	-2.7568765	1.2858208	0.3779852	1.7193868	-2.6572871	1.9993519	1.9416598	34.30741	-12.022589	-1.2815945	0.0002201547	0.00022092428	5.8580446e-07	-7.3249946	0.000659325	-1.9993521	4.9390945	126.59657	12024.525494098663
96	2.8695068	0.48491332	3.7806437	1.3235546	2.782865	0.49672857	3.6862655	1.2996656	99.86092	92.8	0.98675495	0.975	2880004.0	1.2853607	0.37864488	1.7329584	-2.6505518	1.28536	0.3786301	1.7257727	-2.2634587	1.999531	1.9281592	24.765842	-12.363598	-1.2810587	0.00022465015	0.00022903306	4.5675026e-07	-7.30113	0.0006750037	-1.9995313	4.877489	128.3732	12152.802515983582
